0 FILE 20009 - AT-TE Walker.mpd
0 AT-TE Walker
0 Name: 20009 - AT-TE Walker.mpd
0 Author: Ken Drew [Ken]
0 !LDRAW_ORG Model
0 !LICENSE Redistributable under CCAL version 2.0 : see CAreadme.txt

0 !THEME Star Wars

0 !HISTORY 2013-4-20 [Ken] Initial creation

1 7 0 0 0 0 0 1 0 1 0 -1 0 0 3795.dat
1 8 0 -8 -20 0 0 1 0 1 0 -1 0 0 3031.dat
0 STEP
1 7 0 0 120 0 0 1 0 1 0 -1 0 0 3795.dat
1 7 0 -8 30 -1 0 0 0 1 0 0 0 -1 3710.dat
0 STEP
1 8 0 -8 160 0 0 1 0 1 0 -1 0 0 3031.dat
1 7 0 -8 80 -1 0 0 0 1 0 0 0 -1 3032.dat
0 STEP
1 7 0 -16 0 0 0 1 0 1 0 -1 0 0 3795.dat
1 8 0 -32 100 0 0 1 0 1 0 -1 0 0 3001.dat
1 0 0 -32 150 -1 0 0 0 1 0 0 0 -1 3937.dat
0 STEP
1 7 -30 -32 130 -1 0 0 0 1 0 0 0 -1 43710.dat
1 7 30 -32 130 -1 0 0 0 1 0 0 0 -1 43711.dat
0 STEP
1 0 -30 -32 80 0 0 1 0 1 0 -1 0 0 3937.dat
1 0 30 -32 80 0 0 -1 0 1 0 1 0 0 3937.dat
1 7 30 -32 110 0 0 -1 0 1 0 1 0 0 3040b.dat
1 7 -30 -32 110 0 0 1 0 1 0 -1 0 0 3040b.dat
0 STEP
1 7 30 -32 30 1 0 0 0 1 0 0 0 1 43710.dat
1 7 -30 -32 30 1 0 0 0 1 0 0 0 1 43711.dat
1 7 -30 -32 50 0 0 1 0 1 0 -1 0 0 3040b.dat
1 7 30 -32 50 0 0 -1 0 1 0 1 0 0 3040b.dat
1 7 30 -16 -50 -1 0 0 0 1 0 0 0 -1 4592.dat
1 7 -30 -16 -50 -1 0 0 0 1 0 0 0 -1 4592.dat
1 0 30 -16 -50 -1 0 0 0 0 1 0 1 0 4593.dat
1 0 -30 -16 -50 -1 0 0 0 0 1 0 1 0 4593.dat
0 STEP
1 7 36.757355 -28.899498 80 0 -0.707107 -0.707107 0 0.707107 -0.707107 1 0 0 3938.dat
1 7 -36.722736 -28.622414 80 0 0.707107 0.707107 0 0.707107 -0.707107 -1 0 0 3938.dat
1 7 0 -31.498062 154.407455 -1 0 0 0 0.898794 -0.438371 0 -0.438371 -0.898794 3938.dat
1 7 0 -40 50 1 0 0 0 1 0 0 0 1 3298.dat
1 320 0 -24 -50 1 0 0 0 1 0 0 0 1 3794b.dat
1 320 0 -24 -30 1 0 0 0 1 0 0 0 1 3794b.dat
1 320 0 -24 -10 1 0 0 0 1 0 0 0 1 3794b.dat
0 STEP
1 7 30 -40 40 0 0 1 0 1 0 -1 0 0 3023.dat
1 7 -30 -40 40 0 0 1 0 1 0 -1 0 0 3023.dat
1 7 0 -40 120 -1 0 0 0 1 0 0 0 -1 3020.dat
1 7 0 -29.920996 175.890366 0 0 -1 0.438371 0.898794 0 0.898794 -0.438371 0 3021.dat
1 320 0 -40 90 1 0 0 0 1 0 0 0 1 2412b.dat
1 320 0 -40 70 1 0 0 0 1 0 0 0 1 2412b.dat
0 STEP
1 7 -10 -38.688408 157.914474 1 0 0 0 0.898794 0.438371 0 -0.438371 0.898794 54200.dat
1 7 10 -38.688408 157.914474 1 0 0 0 0.898794 0.438371 0 -0.438371 0.898794 54200.dat
1 7 10.828417 -36.234596 181.194885 1 0 0 0 0.898794 0.438371 0 -0.438371 0.898794 4592.dat
1 0 10.828417 -35.326233 180.728683 1 0 0 0 0.325568 0.945518 0 -0.945518 0.325568 4593.dat
1 7 -9.171583 -36.234596 181.194885 1 0 0 0 0.898794 0.438371 0 -0.438371 0.898794 4592.dat
1 0 -9.171583 -35.326233 180.728683 1 0 0 0 0.325568 0.945518 0 -0.945518 0.325568 4593.dat
0 STEP
1 8 0 -48 120 -1 0 0 0 1 0 0 0 -1 3068b.dat
1 7 49.485279 -27.485283 80 -0.707107 -0.707107 0 -0.707107 0.707107 0 0 0 -1 4150.dat
1 7 -49.450657 -27.208202 80 -0.707107 0.707107 0 0.707107 0.707107 0 0 0 -1 4150.dat
1 320 0 -48 50 1 0 0 0 1 0 0 0 1 3794b.dat
1 7 0 -48 -10 -1 0 0 0 1 0 0 0 -1 4287.dat
0 STEP
1 8 0 -48 -30 0 0 -1 0 1 0 1 0 0 47905.dat
1 47 0 -32 -50 0 0 -1 0 1 0 1 0 0 3024.dat
0 STEP
1 47 0 -40 -50 0 0 -1 0 1 0 1 0 0 3024.dat
0 STEP
1 47 0 -48 -50 0 0 -1 0 1 0 1 0 0 3024.dat
1 7 18.198486 -37.801498 -30 0 -1 0 -1 0 0 0 0 -1 4592.dat
1 0 18.198486 -37.801498 -30 0 0 -1 -1 0 0 0 1 0 4593.dat
1 7 -18.198513 -37.801498 -30 0 1 0 1 0 0 0 0 -1 4592.dat
1 0 -18.198513 -37.801498 -30 0 0 1 1 0 0 0 1 0 4593.dat
0 STEP
0 ROTSTEP 0.000 0.000 180.000 REL
1 7 30 0 10 -1 0 0 0 1 0 0 0 -1 3665.dat
1 7 30 0 150 1 0 0 0 1 0 0 0 1 3665.dat
1 7 -30 0 10 -1 0 0 0 1 0 0 0 -1 3665.dat
1 7 -30 0 150 1 0 0 0 1 0 0 0 1 3665.dat
0 STEP
1 7 30 0 -10 0 0 -1 0 1 0 1 0 0 4070.dat
1 7 -30 0 170 0 0 1 0 1 0 -1 0 0 4070.dat
1 7 -30 0 -10 0 0 1 0 1 0 -1 0 0 4070.dat
1 7 30 0 170 0 0 -1 0 1 0 1 0 0 4070.dat
0 STEP
1 8 30 24 0 0 0 1 0 1 0 -1 0 0 3023.dat
1 8 -30 24 160 0 0 1 0 1 0 -1 0 0 3023.dat
1 8 -30 24 0 0 0 1 0 1 0 -1 0 0 3023.dat
1 8 30 24 160 0 0 1 0 1 0 -1 0 0 3023.dat
0 STEP
1 8 60 14 80 0 -1 0 0 0 1 -1 0 0 44728.dat
1 8 -60 14 80 0 1 0 0 0 1 1 0 0 44728.dat
0 STEP
0 ROTSTEP END
1 47 0 -56 -50 0 0 -1 0 1 0 1 0 0 3024.dat
1 7 0 -56 -20 0 0 -1 0 1 0 1 0 0 3023.dat
1 8 0 -56 40 0 0 -1 0 1 0 1 0 0 3023.dat
1 7 0 -48 10 -1 0 0 0 1 0 0 0 -1 54200.dat
0 STEP
1 320 0 -64 -40 0 0 -1 0 1 0 1 0 0 3069b.dat
1 7 0 -64 -10 0 0 -1 0 1 0 1 0 0 3070b.dat
1 8 0 -64 30 0 0 -1 0 1 0 1 0 0 2555.dat
0 STEP
1 320 0 -72 50 1 0 0 0 1 0 0 0 1 20009 - Turret.ldr
0 STEP
1 8 52 53 -26 1 0 0 0 1 0 0 0 1 20009 - Light Leg.ldr
1 8 52 53 186 -1 0 0 0 1 0 0 0 -1 20009 - Light Leg.ldr
1 8 -48 53 186 -1 0 0 0 1 0 0 0 -1 20009 - Light Leg.ldr
1 8 -48 53 -26 1 0 0 0 1 0 0 0 1 20009 - Light Leg.ldr
0 STEP
1 7 68 14 80 0 -1 0 0 0 -1 1 0 0 60470a.dat
1 7 -68 14 80 0 1 0 0 0 -1 -1 0 0 60470a.dat
0 STEP
1 7 66 34 80 -1 0 0 0 1 0 0 0 -1 4697b.dat
1 7 -66 34 80 -1 0 0 0 1 0 0 0 -1 4697b.dat
0 STEP
1 7 -66 45 80 -1 0 0 0 1 0 0 0 -1 43898.dat
1 7 66 45 80 -1 0 0 0 1 0 0 0 -1 43898.dat
0 STEP


0 FILE 20009 - Turret.ldr
0 Turret
0 Name: 20009 - Turret.ldr
0 Author: Ken Drew [Ken]
0 !LDRAW_ORG Model
0 !LICENSE Redistributable under CCAL version 2.0 : see CAreadme.txt
0 !THEME Star Wars
0 !HISTORY 2013-4-20 [Ken] Initial creation
1 7 0 0 0 1 0 0 0 1 0 0 0 1 48336.dat
0 STEP
1 0 0 -8 0 -1 0 0 0 1 0 0 0 -1 4623.dat
0 STEP
1 7 0 -18 -17 1 0 0 0 0.258819 -0.965926 0 0.965926 0.258819 60470a.dat
0 STEP
1 320 0 -20 -24 1 0 0 0 0.258819 -0.965926 0 0.965926 0.258819 3794b.dat
0 STEP
1 0 0 -26 -47 1 0 0 0 0.258819 -0.965926 0 0.965926 0.258819 4589.dat
0 STEP
1 0 0 -47 -126 1 0 0 0 -0.258819 0.965925 0 -0.965925 -0.258819 63965.dat
0 STEP


0 FILE 20009 - Light Leg.ldr
0 Light Leg.ldr
0 Name: 20009 - Light Leg.ldr
0 Author: Ken Drew [Ken]
0 !LDRAW_ORG Model
0 !LICENSE Redistributable under CCAL version 2.0 : see CAreadme.txt
0 !THEME Star Wars
0 !HISTORY 2013-4-20 [Ken] Initial creation
1 8 0 0 0 1 0 0 0 1 0 -0 0 1 4740.dat
0 STEP
1 8 0 -8 0 0 0 1 0 1 0 -1 0 0 2555.dat
0 STEP
1 8 0 -15 0 -1 0 0 -0 0.866025 -0.5 -0 -0.5 -0.866025 30375.dat
0 STEP