0 Monorail Track Curve Quarter
0 Name: 2672.dat
0 Author: Bernd Broich [bbroich]
0 !LDRAW_ORG Part UPDATE 2010-02
0 !LICENSE Redistributable under CCAL version 2.0 : see CAreadme.txt

0 BFC CERTIFY CW

0 !HISTORY 2010-07-05 [PTadmin] Official Update 2010-02

1 16 -322.34 0 158.52 0.99692 0 0.07846 0 1 0 -0.07846 0 0.99692 s\2672s01.dat
1 16 -247.947 0 146.737 0.97237 0 0.23345 0 1 0 -0.23345 0 0.97237 s\2672s01.dat
1 16 -247.947 0 146.737 -0.97237 0 0.23345 0 1 0 0.23345 0 0.97237 s\2672s01.dat
1 16 -176.312 0 123.462 0.92388 0 0.38268 0 1 0 -0.38268 0 0.92388 s\2672s01.dat
1 16 -176.312 0 123.462 -0.92388 0 0.38268 0 1 0 0.38268 0 0.92388 s\2672s01.dat
1 16 -109.202 0 89.267 0.85264 0 0.52250 0 1 0 -0.52250 0 0.85264 s\2672s01.dat
1 16 -109.202 0 89.267 -0.85264 0 0.52250 0 1 0 0.52250 0 0.85264 s\2672s01.dat
1 16 -48.267 0 44.995 -0.76041 0 0.64945 0 1 0 0.64945 0 0.76041 s\2672s01.dat
1 16 158.52 0 -322.34 -0.07846 0 0.99692 0 1 0 0.99692 0 0.07846 s\2672s01.dat
1 16 146.737 0 -247.947 -0.23345 0 0.97237 0 1 0 0.97237 0 0.23345 s\2672s01.dat
1 16 146.737 0 -247.947 0.23345 0 0.97237 0 1 0 -0.97237 0 0.23345 s\2672s01.dat
1 16 123.462 0 -176.312 -0.38268 0 0.92388 0 1 0 0.92388 0 0.38268 s\2672s01.dat
1 16 123.462 0 -176.312 0.38268 0 0.92388 0 1 0 -0.92388 0 0.38268 s\2672s01.dat
1 16 89.267 0 -109.202 -0.52250 0 0.85264 0 1 0 0.85264 0 0.52250 s\2672s01.dat
1 16 89.267 0 -109.202 0.52250 0 0.85264 0 1 0 -0.85264 0 0.52250 s\2672s01.dat
1 16 44.995 0 -48.267 0.64945 0 0.76041 0 1 0 -0.76041 0 0.64945 s\2672s01.dat
1 16 160 0 -400 0 0 -1 0 1 0 1 0 0 s\2670s01.dat
1 16 -400 0 160 1 0 0 0 1 0 0 0 1 s\2670s01.dat

0 Rack
1 16 -364 0 160 1 0 0 0 1 0 0 0 1 s\2670s03.dat
1 16 -372 0 160 1 0 0 0 1 0 0 0 1 s\2670s03.dat
1 16 -380 0 160 1 0 0 0 1 0 0 0 1 s\2670s03.dat
1 16 -388 0 160 1 0 0 0 1 0 0 0 1 s\2670s03.dat
1 16 -396 0 160 1 0 0 0 1 0 0 0 1 s\2670s03.dat
1 16 160 0 -396 0 0 -1 0 1 0 1 0 0 s\2670s03.dat
1 16 160 0 -364 0 0 -1 0 1 0 1 0 0 s\2670s03.dat
1 16 160 0 -372 0 0 -1 0 1 0 1 0 0 s\2670s03.dat
1 16 160 0 -380 0 0 -1 0 1 0 1 0 0 s\2670s03.dat
1 16 160 0 -388 0 0 -1 0 1 0 1 0 0 s\2670s03.dat

1 16 -360 0 160 1 0 0 0 1 0 0 0 1 s\2672s02.dat
1 16 -352.461 0 159.941 0.99988 0 0.01571 0 1 0 -0.01571 0 0.99988 s\2672s02.dat
1 16 -344.923 0 159.763 0.99951 0 0.03141 0 1 0 -0.03141 0 0.99951 s\2672s02.dat
1 16 -337.389 0 159.468 0.99889 0 0.04711 0 1 0 -0.04711 0 0.99889 s\2672s02.dat
1 16 -329.861 0 159.053 0.99803 0 0.06279 0 1 0 -0.06279 0 0.99803 s\2672s02.dat
1 16 -322.34 0 158.52 0.99692 0 0.07846 0 1 0 -0.07846 0 0.99692 s\2672s02.dat
1 16 -314.829 0 157.87 0.99556 0 0.09411 0 1 0 -0.09411 0 0.99556 s\2672s02.dat
1 16 -307.328 0 157.101 0.99396 0 0.10973 0 1 0 -0.10973 0 0.99396 s\2672s02.dat
1 16 -299.84 0 156.216 0.99212 0 0.12533 0 1 0 -0.12533 0 0.99212 s\2672s02.dat
1 16 -292.368 0 155.211 0.99002 0 0.14090 0 1 0 -0.14090 0 0.99002 s\2672s02.dat
1 16 -284.912 0 154.09 0.98769 0 0.15643 0 1 0 -0.15643 0 0.98769 s\2672s02.dat
1 16 -277.475 0 152.853 0.98511 0 0.17193 0 1 0 -0.17193 0 0.98511 s\2672s02.dat
1 16 -270.057 0 151.498 0.98229 0 0.18738 0 1 0 -0.18738 0 0.98229 s\2672s02.dat
1 16 -262.662 0 150.028 0.97922 0 0.20279 0 1 0 -0.20279 0 0.97922 s\2672s02.dat
1 16 -255.292 0 148.44 0.97592 0 0.21814 0 1 0 -0.21814 0 0.97592 s\2672s02.dat
1 16 -247.947 0 146.737 0.97237 0 0.23345 0 1 0 -0.23345 0 0.97237 s\2672s02.dat
1 16 -240.63 0 144.92 0.96858 0 0.24869 0 1 0 -0.24869 0 0.96858 s\2672s02.dat
1 16 -233.342 0 142.987 0.96456 0 0.26387 0 1 0 -0.26387 0 0.96456 s\2672s02.dat
1 16 -226.084 0 140.942 0.96029 0 0.27899 0 1 0 -0.27899 0 0.96029 s\2672s02.dat
1 16 -218.862 0 138.78 0.95579 0 0.29404 0 1 0 -0.29404 0 0.95579 s\2672s02.dat
1 16 -211.672 0 136.507 0.95106 0 0.30902 0 1 0 -0.30902 0 0.95106 s\2672s02.dat
1 16 -204.52 0 134.122 0.94609 0 0.32392 0 1 0 -0.32392 0 0.94609 s\2672s02.dat
1 16 -197.406 0 131.623 0.94088 0 0.33874 0 1 0 -0.33874 0 0.94088 s\2672s02.dat
1 16 -190.332 0 129.014 0.93545 0 0.35348 0 1 0 -0.35348 0 0.93545 s\2672s02.dat
1 16 -183.301 0 126.293 0.92978 0 0.36813 0 1 0 -0.36813 0 0.92978 s\2672s02.dat
1 16 -176.312 0 123.462 0.92388 0 0.38268 0 1 0 -0.38268 0 0.92388 s\2672s02.dat
1 16 -169.37 0 120.523 0.91776 0 0.39715 0 1 0 -0.39715 0 0.91776 s\2672s02.dat
1 16 -162.474 0 117.474 0.91140 0 0.41152 0 1 0 -0.41152 0 0.91140 s\2672s02.dat
1 16 -155.626 0 114.318 0.90483 0 0.42578 0 1 0 -0.42578 0 0.90483 s\2672s02.dat
1 16 -148.83 0 111.053 0.89803 0 0.43994 0 1 0 -0.43994 0 0.89803 s\2672s02.dat
1 16 -142.085 0 107.683 0.89101 0 0.45399 0 1 0 -0.45399 0 0.89101 s\2672s02.dat
1 16 -135.394 0 104.209 0.88377 0 0.46793 0 1 0 -0.46793 0 0.88377 s\2672s02.dat
1 16 -128.758 0 100.628 0.87631 0 0.48175 0 1 0 -0.48175 0 0.87631 s\2672s02.dat
1 16 -122.179 0 96.944 0.86863 0 0.49546 0 1 0 -0.49546 0 0.86863 s\2672s02.dat
1 16 -115.661 0 93.157 0.86074 0 0.50904 0 1 0 -0.50904 0 0.86074 s\2672s02.dat
1 16 -109.202 0 89.267 0.85264 0 0.52250 0 1 0 -0.52250 0 0.85264 s\2672s02.dat
1 16 -102.804 0 85.278 0.84433 0 0.53583 0 1 0 -0.53583 0 0.84433 s\2672s02.dat
1 16 -96.47 0 81.188 0.83581 0 0.54902 0 1 0 -0.54902 0 0.83581 s\2672s02.dat
1 16 -90.199 0 77 0.82708 0 0.56208 0 1 0 -0.56208 0 0.82708 s\2672s02.dat
1 16 -83.999 0 72.712 0.81815 0 0.57501 0 1 0 -0.57501 0 0.81815 s\2672s02.dat
1 16 -77.863 0 68.328 0.80902 0 0.58779 0 1 0 -0.58779 0 0.80902 s\2672s02.dat
1 16 -71.799 0 63.849 0.79969 0 0.60042 0 1 0 -0.60042 0 0.79969 s\2672s02.dat
1 16 -65.805 0 59.274 0.79016 0 0.61291 0 1 0 -0.61291 0 0.79016 s\2672s02.dat
1 16 -59.883 0 54.607 0.78043 0 0.62524 0 1 0 -0.62524 0 0.78043 s\2672s02.dat
1 16 -54.037 0 49.847 0.77051 0 0.63743 0 1 0 -0.63743 0 0.77051 s\2672s02.dat
1 16 -48.266 0 44.995 0.76041 0 0.64945 0 1 0 -0.64945 0 0.76041 s\2672s02.dat
1 16 -42.571 0 40.054 0.75011 0 0.66131 0 1 0 -0.66131 0 0.75011 s\2672s02.dat
1 16 -36.955 0 35.023 0.73963 0 0.67301 0 1 0 -0.67301 0 0.73963 s\2672s02.dat
1 16 -31.417 0 29.906 0.72897 0 0.68455 0 1 0 -0.68455 0 0.72897 s\2672s02.dat
1 16 -25.962 0 24.7 0.71813 0 0.69591 0 1 0 -0.69591 0 0.71813 s\2672s02.dat

1 16 -17.76 0 16.583 0.70711 0 0.70711 0 1 0 -0.70711 0 0.70711 s\2670s03.dat
1 16 -12.103 0 10.927 0.70711 0 0.70711 0 1 0 -0.70711 0 0.70711 s\2670s03.dat
1 16 -6.447 0 5.27 0.70711 0 0.70711 0 1 0 -0.70711 0 0.70711 s\2670s03.dat
1 16 -0.588 0 -0.588 0.75749 0 0.70711 0 1 0 -0.75749 0 0.70711 s\2670s03.dat
1 16 5.27 0 -6.447 -0.70711 0 0.70711 0 1 0 0.70711 0 0.70711 s\2670s03.dat
1 16 10.927 0 -12.104 -0.70711 0 0.70711 0 1 0 0.70711 0 0.70711 s\2670s03.dat
1 16 16.583 0 -17.76 -0.70711 0 0.70711 0 1 0 0.70711 0 0.70711 s\2670s03.dat

1 16 160 0 -360 0 0 1 0 1 0 1 0 0 s\2672s02.dat
1 16 159.941 0 -352.461 -0.01571 0 0.99988 0 1 0 0.99988 0 0.01571 s\2672s02.dat
1 16 159.763 0 -344.923 -0.03141 0 0.99951 0 1 0 0.99951 0 0.03141 s\2672s02.dat
1 16 159.468 0 -337.389 -0.04711 0 0.99889 0 1 0 0.99889 0 0.04711 s\2672s02.dat
1 16 159.053 0 -329.861 -0.06279 0 0.99803 0 1 0 0.99803 0 0.06279 s\2672s02.dat
1 16 158.52 0 -322.34 -0.07846 0 0.99692 0 1 0 0.99692 0 0.07846 s\2672s02.dat
1 16 157.87 0 -314.829 -0.09411 0 0.99556 0 1 0 0.99556 0 0.09411 s\2672s02.dat
1 16 157.101 0 -307.328 -0.10973 0 0.99396 0 1 0 0.99396 0 0.10973 s\2672s02.dat
1 16 156.216 0 -299.84 -0.12533 0 0.99212 0 1 0 0.99212 0 0.12533 s\2672s02.dat
1 16 155.211 0 -292.368 -0.14090 0 0.99002 0 1 0 0.99002 0 0.14090 s\2672s02.dat
1 16 154.09 0 -284.912 -0.15643 0 0.98769 0 1 0 0.98769 0 0.15643 s\2672s02.dat
1 16 152.853 0 -277.475 -0.17193 0 0.98511 0 1 0 0.98511 0 0.17193 s\2672s02.dat
1 16 151.498 0 -270.057 -0.18738 0 0.98229 0 1 0 0.98229 0 0.18738 s\2672s02.dat
1 16 150.028 0 -262.662 -0.20279 0 0.97922 0 1 0 0.97922 0 0.20279 s\2672s02.dat
1 16 148.44 0 -255.292 -0.21814 0 0.97592 0 1 0 0.97592 0 0.21814 s\2672s02.dat
1 16 146.737 0 -247.947 -0.23345 0 0.97237 0 1 0 0.97237 0 0.23345 s\2672s02.dat
1 16 144.92 0 -240.63 -0.24869 0 0.96858 0 1 0 0.96858 0 0.24869 s\2672s02.dat
1 16 142.987 0 -233.342 -0.26387 0 0.96456 0 1 0 0.96456 0 0.26387 s\2672s02.dat
1 16 140.942 0 -226.084 -0.27899 0 0.96029 0 1 0 0.96029 0 0.27899 s\2672s02.dat
1 16 138.78 0 -218.862 -0.29404 0 0.95579 0 1 0 0.95579 0 0.29404 s\2672s02.dat
1 16 136.507 0 -211.672 -0.30902 0 0.95106 0 1 0 0.95106 0 0.30902 s\2672s02.dat
1 16 134.122 0 -204.52 -0.32392 0 0.94609 0 1 0 0.94609 0 0.32392 s\2672s02.dat
1 16 131.623 0 -197.406 -0.33874 0 0.94088 0 1 0 0.94088 0 0.33874 s\2672s02.dat
1 16 129.014 0 -190.332 -0.35348 0 0.93545 0 1 0 0.93545 0 0.35348 s\2672s02.dat
1 16 126.293 0 -183.301 -0.36813 0 0.92978 0 1 0 0.92978 0 0.36813 s\2672s02.dat
1 16 123.462 0 -176.312 -0.38268 0 0.92388 0 1 0 0.92388 0 0.38268 s\2672s02.dat
1 16 120.523 0 -169.37 -0.39715 0 0.91776 0 1 0 0.91776 0 0.39715 s\2672s02.dat
1 16 117.474 0 -162.474 -0.41152 0 0.91140 0 1 0 0.91140 0 0.41152 s\2672s02.dat
1 16 114.318 0 -155.626 -0.42578 0 0.90483 0 1 0 0.90483 0 0.42578 s\2672s02.dat
1 16 111.053 0 -148.83 -0.43994 0 0.89803 0 1 0 0.89803 0 0.43994 s\2672s02.dat
1 16 107.683 0 -142.085 -0.45399 0 0.89101 0 1 0 0.89101 0 0.45399 s\2672s02.dat
1 16 104.209 0 -135.394 -0.46793 0 0.88377 0 1 0 0.88377 0 0.46793 s\2672s02.dat
1 16 100.628 0 -128.758 -0.48175 0 0.87631 0 1 0 0.87631 0 0.48175 s\2672s02.dat
1 16 96.944 0 -122.179 -0.49546 0 0.86863 0 1 0 0.86863 0 0.49546 s\2672s02.dat
1 16 93.157 0 -115.661 -0.50904 0 0.86074 0 1 0 0.86074 0 0.50904 s\2672s02.dat
1 16 89.267 0 -109.202 -0.52250 0 0.85264 0 1 0 0.85264 0 0.52250 s\2672s02.dat
1 16 85.278 0 -102.804 -0.53583 0 0.84433 0 1 0 0.84433 0 0.53583 s\2672s02.dat
1 16 81.188 0 -96.47 -0.54902 0 0.83581 0 1 0 0.83581 0 0.54902 s\2672s02.dat
1 16 77 0 -90.199 -0.56208 0 0.82708 0 1 0 0.82708 0 0.56208 s\2672s02.dat
1 16 72.712 0 -83.999 -0.57501 0 0.81815 0 1 0 0.81815 0 0.57501 s\2672s02.dat
1 16 68.328 0 -77.863 -0.58779 0 0.80902 0 1 0 0.80902 0 0.58779 s\2672s02.dat
1 16 63.849 0 -71.799 -0.60042 0 0.79969 0 1 0 0.79969 0 0.60042 s\2672s02.dat
1 16 59.274 0 -65.805 -0.61291 0 0.79016 0 1 0 0.79016 0 0.61291 s\2672s02.dat
1 16 54.607 0 -59.883 -0.62524 0 0.78043 0 1 0 0.78043 0 0.62524 s\2672s02.dat
1 16 49.847 0 -54.037 -0.63743 0 0.77051 0 1 0 0.77051 0 0.63743 s\2672s02.dat
1 16 44.995 0 -48.266 -0.64945 0 0.76041 0 1 0 0.76041 0 0.64945 s\2672s02.dat
1 16 40.054 0 -42.571 -0.66131 0 0.75011 0 1 0 0.75011 0 0.66131 s\2672s02.dat
1 16 35.023 0 -36.955 -0.67301 0 0.73963 0 1 0 0.73963 0 0.67301 s\2672s02.dat
1 16 29.906 0 -31.417 -0.68455 0 0.72897 0 1 0 0.72897 0 0.68455 s\2672s02.dat
1 16 24.701 0 -25.963 -0.69591 0 0.71813 0 1 0 0.71813 0 0.69591 s\2672s02.dat

0 Left End
2 24 -381 5 154.5 -381 20 154.5
2 24 -381 5 166 -381 20 166
2 24 -381 -3.5 157.5 -381 -3.5 163
2 24 -381 20 157.5 -381 -3.5 157.5
2 24 -381 20 157.5 -381 20 154.5
2 24 -381 20 163 -381 -3.5 163
2 24 -381 20 163 -381 20 166
2 24 -360 5 140 -356 5 140
2 24 -360 5 154.5 -381 5 154.5
2 24 -360 5 154.5 -356.266 5 154.426
2 24 -360 5 180 -356 5 180
2 24 -360 5 165.5 -353.556 5 165.373
2 24 -360 5 166 -381 5 166
2 24 -360 5 166 -360 5 165.5
2 24 -360 0 120 -360 0 128
2 24 -360 0 120 -360 20 120
2 24 -360 0 120 -342.726 0 119.661
2 24 -360 0 200 -360 0 192
2 24 -360 0 200 -360 20 200
2 24 -360 0 200 -339.585 0 199.599
2 24 -360 -3.5 157.5 -381 -3.5 157.5
2 24 -360 -3.5 157.5 -360 -3.5 157
2 24 -360 -3.5 163 -381 -3.5 163
2 24 -360 20 157.5 -381 20 157.5
2 24 -360 20 157.5 -360 -3.5 157.5
2 24 -360 20 157.5 -360 20 157
2 24 -360 20 140 -360 20 132
2 24 -360 20 140 -356 20 140
2 24 -360 20 157 -360 -3.5 157
2 24 -360 20 120 -360 20 128
2 24 -360 20 120 -342.726 20 119.661
2 24 -360 20 154.5 -381 20 154.5
2 24 -360 20 154.5 -356.266 20 154.426
2 24 -360 20 180 -360 20 188
2 24 -360 20 180 -356 20 180
2 24 -360 20 163 -381 20 163
2 24 -360 20 200 -360 20 192
2 24 -360 20 200 -339.585 20 199.599
2 24 -360 20 165.5 -360 5 165.5
2 24 -360 20 165.5 -353.556 20 165.373
2 24 -360 20 166 -381 20 166
2 24 -360 20 166 -360 5 166
2 24 -360 20 166 -360 20 165.5
2 24 -360 25 140 -360 20 140
2 24 -360 25 137 -360 20 137
2 24 -360 25 180 -360 20 180
2 24 -360 25 183 -360 20 183
2 24 -347.94 5 165.263 -340.94 5 165.126
2 24 -347.94 5 165.263 -320.159 5 186.234
2 24 -347.94 20 165.263 -347.94 5 165.263
2 24 -347.94 20 165.263 -340.94 20 165.126
2 24 -347.94 20 165.263 -320.159 20 186.234
2 24 -342.726 0 119.661 -325.478 0 118.643
2 24 -342.726 20 119.661 -325.478 20 118.643
2 24 -342.569 5 123.658 -326.829 5 122.729
2 24 -342.569 20 123.658 -326.829 20 122.729
2 24 -341.372 5 154.134 -322.771 5 153.037
2 24 -341.372 20 154.134 -322.771 20 153.037
2 24 -341.27 -3.5 156.732 -360 -3.5 157
2 24 -341.27 20 156.732 -360 20 157
2 24 -341.042 -3.5 162.528 -360 -3.5 163
2 24 -341.042 20 162.528 -360 20 163
2 24 -340.94 5 165.126 -321.908 5 164.003
2 24 -340.94 20 165.126 -321.908 20 164.003
2 24 -339.742 5 195.602 -321.18 5 194.507
2 24 -339.742 20 195.602 -321.18 20 194.507
2 24 -339.585 0 199.599 -319.202 0 198.397
2 24 -339.585 20 199.599 -319.202 20 198.397
2 24 -356.266 5 154.426 -326.421 5 127.913
2 24 -356.266 20 154.426 -356.266 5 154.426
2 24 -356.266 20 154.426 -326.421 20 127.913
2 24 -326.829 5 122.729 -326.421 5 127.913
2 24 -326.829 20 122.729 -326.829 5 122.729
2 24 -326.829 20 122.729 -326.421 20 127.913
2 24 -326.421 20 127.913 -326.421 5 127.913
2 24 -326.094 20 132.066 -326.094 5 132.066
2 24 -324.432 5 131.935 -326.094 5 132.066
2 24 -324.432 20 131.935 -326.094 20 132.066
2 24 -322.567 -3.5 155.629 -341.27 -3.5 156.732
2 24 -322.567 20 155.629 -341.27 20 156.732
2 24 -322.112 -3.5 161.411 -341.042 -3.5 162.528
2 24 -322.112 20 161.411 -341.042 20 162.528
2 24 -321.583 20 189.389 -321.583 5 189.389
2 24 -321.18 5 194.507 -321.583 5 189.389
2 24 -321.18 20 194.507 -321.583 20 189.389
2 24 -321.18 20 194.507 -321.18 5 194.507
2 24 -320.159 20 186.234 -320.159 5 186.234
2 24 -356 5 140 -356 20 140
2 24 -356 5 123.922 -342.569 5 123.658
2 24 -356 5 123.922 -356 5 140
2 24 -356 5 180 -356 20 180
2 24 -356 5 195.921 -339.742 5 195.602
2 24 -356 5 195.921 -356 5 180
2 24 -356 20 123.922 -342.569 20 123.658
2 24 -356 20 123.922 -356 5 123.922
2 24 -356 20 123.922 -356 20 140
2 24 -356 20 195.921 -339.742 20 195.602
2 24 -356 20 195.921 -356 5 195.921
2 24 -356 20 195.921 -356 20 180
2 24 -353.556 5 165.373 -321.583 5 189.389
2 24 -353.556 20 165.373 -321.583 20 189.389
2 24 -353.556 20 165.373 -353.556 5 165.373
2 24 -351.151 5 154.326 -341.372 5 154.134
2 24 -351.151 5 154.326 -326.094 5 132.066
2 24 -351.151 20 154.326 -341.372 20 154.134
2 24 -351.151 20 154.326 -326.094 20 132.066
2 24 -351.151 20 154.326 -351.151 5 154.326

3 16 -360 20 154.5 -356.266 20 154.426 -360 20 157
3 16 -360 20 163 -353.556 20 165.373 -360 20 165.5
3 16 -347.94 5 165.263 -340.94 5 165.126 -320.159 5 186.234
3 16 -341.042 20 162.528 -340.94 20 165.126 -347.94 20 165.263
3 16 -340.94 5 165.126 -321.908 5 164.003 -320.159 5 186.234
3 16 -356.266 5 154.426 -356 5 140 -342.569 5 123.658
3 16 -324.432 20 131.935 -326.094 20 132.066 -326.421 20 127.913
3 16 -356 5 123.922 -342.569 5 123.658 -356 5 140
3 16 -351.151 5 154.326 -326.094 5 132.066 -341.372 5 154.134
3 16 -351.151 20 154.326 -341.372 20 154.134 -341.27 20 156.732

4 16 -381 -3.5 157.5 -381 -3.5 163 -381 5 163 -381 5 157.5
4 16 -360 5 140 -360 20 140 -356 20 140 -356 5 140
4 16 -360 5 154.5 -381 5 154.5 -381 5 140 -360 5 140
4 16 -360 5 154.5 -360 5 140 -356 5 140 -356.266 5 154.426
4 16 -360 5 154.5 -360 20 154.5 -381 20 154.5 -381 5 154.5
4 16 -360 5 154.5 -356.266 5 154.426 -356.266 20 154.426 -360 20 154.5
4 16 -360 5 180 -356 5 180 -356 20 180 -360 20 180
4 16 -360 5 165.5 -360 20 165.5 -353.556 20 165.373 -353.556 5 165.373
4 16 -360 5 165.5 -353.556 5 165.373 -356 5 180 -360 5 180
4 16 -360 5 166 -381 5 166 -381 20 166 -360 20 166
4 16 -360 5 166 -360 5 180 -381 5 180 -381 5 166
4 16 -360 5 166 -360 20 166 -360 20 165.5 -360 5 165.5
4 16 -360 0 120 -360 0 156 -341.313 0 155.633 -342.726 0 119.661
4 16 -360 0 120 -342.726 0 119.661 -342.726 20 119.661 -360 20 120
4 16 -360 0 164 -360 0 200 -339.585 0 199.599 -340.999 0 163.627
4 16 -360 0 200 -360 20 200 -339.585 20 199.599 -339.585 0 199.599
4 16 -360 -3.5 157.5 -381 -3.5 157.5 -381 20 157.5 -360 20 157.5
4 16 -360 -3.5 157.5 -360 20 157.5 -360 20 157 -360 -3.5 157
4 16 -360 -3.5 163 -381 -3.5 163 -381 -3.5 157.5 -360 -3.5 157.5
4 16 -360 -3.5 163 -360 20 163 -381 20 163 -381 -3.5 163
4 16 -360 20 157.5 -381 20 157.5 -381 20 154.5 -360 20 154.5
4 16 -360 20 137 -360 5 137 -360 5 132 -360 20 132
4 16 -360 20 120 -360 20 128 -360 0 128 -360 0 120
4 16 -360 20 120 -356 20 123.922 -356 20 140 -360 20 140
4 16 -360 20 183 -360 20 188 -360 5 188 -360 5 183
4 16 -360 20 200 -360 0 200 -360 0 192 -360 20 192
4 16 -360 20 200 -360 20 180 -356 20 180 -356 20 195.921
4 16 -360 20 200 -356 20 195.921 -339.742 20 195.602 -339.585 20 199.599
4 16 -360 20 166 -381 20 166 -381 20 163 -360 20 163
4 16 -360 25 140 -360 25 137 -360 20 137 -360 20 140
4 16 -360 25 180 -360 20 180 -360 20 183 -360 25 183
4 16 -347.94 5 165.263 -347.94 20 165.263 -340.94 20 165.126 -340.94 5 165.126
4 16 -347.94 5 165.263 -320.159 5 186.234 -320.159 20 186.234 -347.94 20 165.263
4 16 -342.726 0 119.661 -341.313 0 155.633 -322.654 0 154.532 -325.478 0 118.643
4 16 -342.726 0 119.661 -325.478 0 118.643 -325.478 20 118.643 -342.726 20 119.661
4 16 -342.569 5 123.658 -342.569 20 123.658 -326.829 20 122.729 -326.829 5 122.729
4 16 -342.569 20 123.658 -342.726 20 119.661 -325.478 20 118.643 -326.829 20 122.729
4 16 -341.372 5 154.134 -322.771 5 153.037 -322.771 20 153.037 -341.372 20 154.134
4 16 -341.372 20 154.134 -322.771 20 153.037 -322.567 20 155.629 -341.27 20 156.732
4 16 -341.27 -3.5 156.732 -360 -3.5 157 -360 20 157 -341.27 20 156.732
4 16 -341.042 -3.5 162.528 -360 -3.5 163 -360 -3.5 157 -341.27 -3.5 156.732
4 16 -341.042 -3.5 162.528 -341.042 20 162.528 -360 20 163 -360 -3.5 163
4 16 -340.999 0 163.627 -339.585 0 199.599 -319.202 0 198.397 -322.026 0 162.508
4 16 -340.94 20 165.126 -341.042 20 162.528 -322.112 20 161.411 -321.908 20 164.003
4 16 -340.94 20 165.126 -321.908 20 164.003 -321.908 5 164.003 -340.94 5 165.126
4 16 -339.742 5 195.602 -321.18 5 194.507 -321.18 20 194.507 -339.742 20 195.602
4 16 -339.585 0 199.599 -339.585 20 199.599 -319.202 20 198.397 -319.202 0 198.397
4 16 -339.585 20 199.599 -339.742 20 195.602 -321.18 20 194.507 -319.202 20 198.397
4 16 -356.266 5 154.426 -342.569 5 123.658 -326.829 5 122.729 -326.421 5 127.913
4 16 -356.266 5 154.426 -326.421 5 127.913 -326.421 20 127.913 -356.266 20 154.426
4 16 -356.266 20 154.426 -326.421 20 127.913 -326.094 20 132.066 -351.151 20 154.326
4 16 -356.266 20 154.426 -351.151 20 154.326 -341.27 20 156.732 -360 20 157
4 16 -326.829 5 122.729 -326.829 20 122.729 -326.421 20 127.913 -326.421 5 127.913
4 16 -326.829 20 122.729 -325.478 20 118.643 -324.432 20 131.935 -326.421 20 127.913
4 16 -324.432 5 131.935 -326.094 5 132.066 -326.094 20 132.066 -324.432 20 131.935
4 16 -324.432 5 131.935 -322.771 5 153.037 -341.372 5 154.134 -326.094 5 132.066
4 16 -322.567 -3.5 155.629 -341.27 -3.5 156.732 -341.27 20 156.732 -322.567 20 155.629
4 16 -322.112 -3.5 161.411 -341.042 -3.5 162.528 -341.27 -3.5 156.732 -322.567 -3.5 155.629
4 16 -322.112 -3.5 161.411 -322.112 20 161.411 -341.042 20 162.528 -341.042 -3.5 162.528
4 16 -321.18 5 194.507 -321.583 5 189.389 -321.583 20 189.389 -321.18 20 194.507
4 16 -320.159 20 186.234 -319.202 20 198.397 -321.18 20 194.507 -321.583 20 189.389
4 16 -356 5 123.922 -356 20 123.922 -342.569 20 123.658 -342.569 5 123.658
4 16 -356 5 195.921 -339.742 5 195.602 -339.742 20 195.602 -356 20 195.921
4 16 -356 20 123.922 -360 20 120 -342.726 20 119.661 -342.569 20 123.658
4 16 -356 20 123.922 -356 5 123.922 -356 5 140 -356 20 140
4 16 -356 20 196.078 -356 20 180 -356 5 180 -356 5 196.078
4 16 -353.556 5 165.373 -339.742 5 195.602 -356 5 195.921 -356 5 180
4 16 -353.556 5 165.373 -321.583 5 189.389 -321.18 5 194.507 -339.742 5 195.602
4 16 -353.556 5 165.373 -353.556 20 165.373 -321.583 20 189.389 -321.583 5 189.389
4 16 -353.556 20 165.373 -360 20 163 -341.042 20 162.528 -347.94 20 165.263
4 16 -353.556 20 165.373 -347.94 20 165.263 -320.159 20 186.234 -321.583 20 189.389
4 16 -351.151 5 154.326 -341.372 5 154.134 -341.372 20 154.134 -351.151 20 154.326
4 16 -351.151 5 154.326 -351.151 20 154.326 -326.094 20 132.066 -326.094 5 132.066

5 24 -360 5 154.499 -360 20 154.499 -356.266 20 154.426 -381 20 154.5
5 24 -342.726 0 119.661 -342.726 20 119.661 -325.478 20 118.643 -360 20 120
5 24 -342.569 5 123.658 -342.569 20 123.658 -326.829 20 122.729 -360 20 123.999
5 24 -341.372 5 154.134 -341.372 20 154.134 -322.772 20 153.037 -351.151 20 154.326
5 24 -341.27 -3.5 156.732 -341.27 20 156.732 -322.568 20 155.629 -358.505 20 157.07
5 24 -341.042 -3.5 162.528 -341.042 20 162.528 -322.112 20 161.411 -358.505 20 162.87
5 24 -339.742 5 195.602 -339.742 20 195.602 -321.18 20 194.507 -360 20 195.999
5 24 -339.585 0 199.599 -339.585 20 199.599 -319.202 20 198.397 -360 20 200

0 Right End
2 24 154.5 5 -381 154.5 20 -381
2 24 166 5 -381 166 20 -381
2 24 157.5 -3.5 -381 163 -3.5 -381
2 24 157.5 20 -381 157.5 -3.5 -381
2 24 157.5 20 -381 154.5 20 -381
2 24 163 20 -381 163 -3.5 -381
2 24 163 20 -381 166 20 -381
2 24 140 5 -360 140 5 -356
2 24 154.5 5 -360 154.5 5 -381
2 24 154.5 5 -360 154.426 5 -356.266
2 24 180 5 -360 180 5 -356
2 24 165.5 5 -360 165.373 5 -353.556
2 24 166 5 -360 166 5 -381
2 24 166 5 -360 165.5 5 -360
2 24 120 0 -360 128 0 -360
2 24 120 0 -360 120 20 -360
2 24 120 0 -360 119.661 0 -342.726
2 24 200 0 -360 192 0 -360
2 24 200 0 -360 200 20 -360
2 24 200 0 -360 199.599 0 -339.585
2 24 157.5 -3.5 -360 157.5 -3.5 -381
2 24 157.5 -3.5 -360 157 -3.5 -360
2 24 163 -3.5 -360 163 -3.5 -381
2 24 157.5 20 -360 157.5 20 -381
2 24 157.5 20 -360 157.5 -3.5 -360
2 24 157.5 20 -360 157 20 -360
2 24 140 20 -360 132 20 -360
2 24 140 20 -360 140 20 -356
2 24 157 20 -360 157 -3.5 -360
2 24 120 20 -360 128 20 -360
2 24 120 20 -360 119.661 20 -342.726
2 24 154.5 20 -360 154.5 20 -381
2 24 154.5 20 -360 154.426 20 -356.266
2 24 180 20 -360 188 20 -360
2 24 180 20 -360 180 20 -356
2 24 163 20 -360 163 20 -381
2 24 200 20 -360 192 20 -360
2 24 200 20 -360 199.599 20 -339.585
2 24 165.5 20 -360 165.5 5 -360
2 24 165.5 20 -360 165.373 20 -353.556
2 24 166 20 -360 166 20 -381
2 24 166 20 -360 166 5 -360
2 24 166 20 -360 165.5 20 -360
2 24 140 25 -360 140 20 -360
2 24 137 25 -360 137 20 -360
2 24 180 25 -360 180 20 -360
2 24 183 25 -360 183 20 -360
2 24 165.263 5 -347.94 165.126 5 -340.94
2 24 165.263 5 -347.94 186.234 5 -320.159
2 24 165.263 20 -347.94 165.263 5 -347.94
2 24 165.263 20 -347.94 165.126 20 -340.94
2 24 165.263 20 -347.94 186.234 20 -320.159
2 24 119.661 0 -342.726 118.643 0 -325.478
2 24 119.661 20 -342.726 118.643 20 -325.478
2 24 123.658 5 -342.569 122.729 5 -326.829
2 24 123.658 20 -342.569 122.729 20 -326.829
2 24 154.134 5 -341.372 153.037 5 -322.771
2 24 154.134 20 -341.372 153.037 20 -322.771
2 24 156.732 -3.5 -341.27 157 -3.5 -360
2 24 156.732 20 -341.27 157 20 -360
2 24 162.528 -3.5 -341.042 163 -3.5 -360
2 24 162.528 20 -341.042 163 20 -360
2 24 165.126 5 -340.94 164.003 5 -321.908
2 24 165.126 20 -340.94 164.003 20 -321.908
2 24 195.602 5 -339.742 194.507 5 -321.18
2 24 195.602 20 -339.742 194.507 20 -321.18
2 24 199.599 0 -339.585 198.397 0 -319.202
2 24 199.599 20 -339.585 198.397 20 -319.202
2 24 154.426 5 -356.266 127.913 5 -326.421
2 24 154.426 20 -356.266 154.426 5 -356.266
2 24 154.426 20 -356.266 127.913 20 -326.421
2 24 122.729 5 -326.829 127.913 5 -326.421
2 24 122.729 20 -326.829 122.729 5 -326.829
2 24 122.729 20 -326.829 127.913 20 -326.421
2 24 127.913 20 -326.421 127.913 5 -326.421
2 24 132.066 20 -326.094 132.066 5 -326.094
2 24 131.935 5 -324.432 132.066 5 -326.094
2 24 131.935 20 -324.432 132.066 20 -326.094
2 24 155.629 -3.5 -322.567 156.732 -3.5 -341.27
2 24 155.629 20 -322.567 156.732 20 -341.27
2 24 161.411 -3.5 -322.112 162.528 -3.5 -341.042
2 24 161.411 20 -322.112 162.528 20 -341.042
2 24 189.389 20 -321.583 189.389 5 -321.583
2 24 194.507 5 -321.18 189.389 5 -321.583
2 24 194.507 20 -321.18 189.389 20 -321.583
2 24 194.507 20 -321.18 194.507 5 -321.18
2 24 186.234 20 -320.159 186.234 5 -320.159
2 24 140 5 -356 140 20 -356
2 24 123.922 5 -356 123.658 5 -342.569
2 24 123.922 5 -356 140 5 -356
2 24 180 5 -356 180 20 -356
2 24 195.921 5 -356 195.602 5 -339.742
2 24 195.921 5 -356 180 5 -356
2 24 123.922 20 -356 123.658 20 -342.569
2 24 123.922 20 -356 123.922 5 -356
2 24 123.922 20 -356 140 20 -356
2 24 195.921 20 -356 195.602 20 -339.742
2 24 195.921 20 -356 195.921 5 -356
2 24 195.921 20 -356 180 20 -356
2 24 165.373 5 -353.556 189.389 5 -321.583
2 24 165.373 20 -353.556 189.389 20 -321.583
2 24 165.373 20 -353.556 165.373 5 -353.556
2 24 154.326 5 -351.151 154.134 5 -341.372
2 24 154.326 5 -351.151 132.066 5 -326.094
2 24 154.326 20 -351.151 154.134 20 -341.372
2 24 154.326 20 -351.151 132.066 20 -326.094
2 24 154.326 20 -351.151 154.326 5 -351.151

3 16 157 20 -360 154.426 20 -356.266 154.5 20 -360
3 16 165.5 20 -360 165.373 20 -353.556 163 20 -360
3 16 186.234 5 -320.159 165.126 5 -340.94 165.263 5 -347.94
3 16 165.263 20 -347.94 165.126 20 -340.94 162.528 20 -341.042
3 16 186.234 5 -320.159 164.003 5 -321.908 165.126 5 -340.94
3 16 123.658 5 -342.569 140 5 -356 154.426 5 -356.266
3 16 127.913 20 -326.421 132.066 20 -326.094 131.935 20 -324.432
3 16 140 5 -356 123.658 5 -342.569 123.922 5 -356
3 16 154.134 5 -341.372 132.066 5 -326.094 154.326 5 -351.151
3 16 156.732 20 -341.27 154.134 20 -341.372 154.326 20 -351.151

4 16 157.5 -3.5 -381 157.5 5 -381 163 5 -381 163 -3.5 -381
4 16 140 5 -360 140 5 -356 140 20 -356 140 20 -360
4 16 154.5 5 -360 140 5 -360 140 5 -381 154.5 5 -381
4 16 154.5 5 -360 154.426 5 -356.266 140 5 -356 140 5 -360
4 16 154.5 5 -360 154.5 5 -381 154.5 20 -381 154.5 20 -360
4 16 154.5 5 -360 154.5 20 -360 154.426 20 -356.266 154.426 5 -356.266
4 16 180 5 -360 180 20 -360 180 20 -356 180 5 -356
4 16 165.5 5 -360 165.373 5 -353.556 165.373 20 -353.556 165.5 20 -360
4 16 165.5 5 -360 180 5 -360 180 5 -356 165.373 5 -353.556
4 16 166 5 -360 166 20 -360 166 20 -381 166 5 -381
4 16 166 5 -360 166 5 -381 180 5 -381 180 5 -360
4 16 166 5 -360 165.5 5 -360 165.5 20 -360 166 20 -360
4 16 120 0 -360 119.661 0 -342.726 155.633 0 -341.313 156 0 -360
4 16 120 0 -360 120 20 -360 119.661 20 -342.726 119.661 0 -342.726
4 16 164 0 -360 163.627 0 -340.999 199.599 0 -339.585 200 0 -360
4 16 200 0 -360 199.599 0 -339.585 199.599 20 -339.585 200 20 -360
4 16 157.5 -3.5 -360 157.5 20 -360 157.5 20 -381 157.5 -3.5 -381
4 16 157.5 -3.5 -360 157 -3.5 -360 157 20 -360 157.5 20 -360
4 16 163 -3.5 -360 157.5 -3.5 -360 157.5 -3.5 -381 163 -3.5 -381
4 16 163 -3.5 -360 163 -3.5 -381 163 20 -381 163 20 -360
4 16 157.5 20 -360 154.5 20 -360 154.5 20 -381 157.5 20 -381
4 16 137 20 -360 132 20 -360 132 5 -360 137 5 -360
4 16 120 20 -360 120 0 -360 128 0 -360 128 20 -360
4 16 120 20 -360 140 20 -360 140 20 -356 123.922 20 -356
4 16 183 20 -360 183 5 -360 188 5 -360 188 20 -360
4 16 200 20 -360 192 20 -360 192 0 -360 200 0 -360
4 16 200 20 -360 195.921 20 -356 180 20 -356 180 20 -360
4 16 200 20 -360 199.599 20 -339.585 195.602 20 -339.742 195.921 20 -356
4 16 166 20 -360 163 20 -360 163 20 -381 166 20 -381
4 16 140 25 -360 140 20 -360 137 20 -360 137 25 -360
4 16 180 25 -360 183 25 -360 183 20 -360 180 20 -360
4 16 165.263 5 -347.94 165.126 5 -340.94 165.126 20 -340.94 165.263 20 -347.94
4 16 165.263 5 -347.94 165.263 20 -347.94 186.234 20 -320.159 186.234 5 -320.159
4 16 119.661 0 -342.726 118.643 0 -325.478 154.532 0 -322.654 155.633 0 -341.313
4 16 119.661 0 -342.726 119.661 20 -342.726 118.643 20 -325.478 118.643 0 -325.478
4 16 123.658 5 -342.569 122.729 5 -326.829 122.729 20 -326.829 123.658 20 -342.569
4 16 123.658 20 -342.569 122.729 20 -326.829 118.643 20 -325.478 119.661 20 -342.726
4 16 154.134 5 -341.372 154.134 20 -341.372 153.037 20 -322.771 153.037 5 -322.771
4 16 154.134 20 -341.372 156.732 20 -341.27 155.629 20 -322.567 153.037 20 -322.771
4 16 156.732 -3.5 -341.27 156.732 20 -341.27 157 20 -360 157 -3.5 -360
4 16 162.528 -3.5 -341.042 156.732 -3.5 -341.27 157 -3.5 -360 163 -3.5 -360
4 16 162.528 -3.5 -341.042 163 -3.5 -360 163 20 -360 162.528 20 -341.042
4 16 163.627 0 -340.999 162.508 0 -322.026 198.397 0 -319.202 199.599 0 -339.585
4 16 165.126 20 -340.94 164.003 20 -321.908 161.411 20 -322.112 162.528 20 -341.042
4 16 165.126 20 -340.94 165.126 5 -340.94 164.003 5 -321.908 164.003 20 -321.908
4 16 195.602 5 -339.742 195.602 20 -339.742 194.507 20 -321.18 194.507 5 -321.18
4 16 199.599 0 -339.585 198.397 0 -319.202 198.397 20 -319.202 199.599 20 -339.585
4 16 199.599 20 -339.585 198.397 20 -319.202 194.507 20 -321.18 195.602 20 -339.742
4 16 154.426 5 -356.266 127.913 5 -326.421 122.729 5 -326.829 123.658 5 -342.569
4 16 154.426 5 -356.266 154.426 20 -356.266 127.913 20 -326.421 127.913 5 -326.421
4 16 154.426 20 -356.266 154.326 20 -351.151 132.066 20 -326.094 127.913 20 -326.421
4 16 154.426 20 -356.266 157 20 -360 156.732 20 -341.27 154.326 20 -351.151
4 16 122.729 5 -326.829 127.913 5 -326.421 127.913 20 -326.421 122.729 20 -326.829
4 16 122.729 20 -326.829 127.913 20 -326.421 131.935 20 -324.432 118.643 20 -325.478
4 16 131.935 5 -324.432 131.935 20 -324.432 132.066 20 -326.094 132.066 5 -326.094
4 16 131.935 5 -324.432 132.066 5 -326.094 154.134 5 -341.372 153.037 5 -322.771
4 16 155.629 -3.5 -322.567 155.629 20 -322.567 156.732 20 -341.27 156.732 -3.5 -341.27
4 16 161.411 -3.5 -322.112 155.629 -3.5 -322.567 156.732 -3.5 -341.27 162.528 -3.5 -341.042
4 16 161.411 -3.5 -322.112 162.528 -3.5 -341.042 162.528 20 -341.042 161.411 20 -322.112
4 16 194.507 5 -321.18 194.507 20 -321.18 189.389 20 -321.583 189.389 5 -321.583
4 16 186.234 20 -320.159 189.389 20 -321.583 194.507 20 -321.18 198.397 20 -319.202
4 16 123.922 5 -356 123.658 5 -342.569 123.658 20 -342.569 123.922 20 -356
4 16 195.921 5 -356 195.921 20 -356 195.602 20 -339.742 195.602 5 -339.742
4 16 123.922 20 -356 123.658 20 -342.569 119.661 20 -342.726 120 20 -360
4 16 123.922 20 -356 140 20 -356 140 5 -356 123.922 5 -356
4 16 196.078 20 -356 196.078 5 -356 180 5 -356 180 20 -356
4 16 165.373 5 -353.556 180 5 -356 195.921 5 -356 195.602 5 -339.742
4 16 165.373 5 -353.556 195.602 5 -339.742 194.507 5 -321.18 189.389 5 -321.583
4 16 165.373 5 -353.556 189.389 5 -321.583 189.389 20 -321.583 165.373 20 -353.556
4 16 165.373 20 -353.556 165.263 20 -347.94 162.528 20 -341.042 163 20 -360
4 16 165.373 20 -353.556 189.389 20 -321.583 186.234 20 -320.159 165.263 20 -347.94
4 16 154.326 5 -351.151 154.326 20 -351.151 154.134 20 -341.372 154.134 5 -341.372
4 16 154.326 5 -351.151 132.066 5 -326.094 132.066 20 -326.094 154.326 20 -351.151

5 24 154.499 5 -360 154.499 20 -360 154.426 20 -356.266 154.5 20 -381
5 24 119.661 0 -342.726 119.661 20 -342.726 118.643 20 -325.478 120 20 -360
5 24 123.658 5 -342.569 123.658 20 -342.569 122.729 20 -326.829 123.999 20 -360
5 24 154.134 5 -341.372 154.134 20 -341.372 153.037 20 -322.772 154.326 20 -351.151
5 24 156.732 -3.5 -341.27 156.732 20 -341.27 155.629 20 -322.568 157.07 20 -358.505
5 24 162.528 -3.5 -341.042 162.528 20 -341.042 161.411 20 -322.112 162.87 20 -358.505
5 24 195.602 5 -339.742 195.602 20 -339.742 194.507 20 -321.18 195.999 20 -360
5 24 199.599 0 -339.585 199.599 20 -339.585 198.397 20 -319.202 200 20 -360

0 Middle
1 16 -10 5 -16.25 0.5 0 0 0 20 0 0 0 0.25 box4-1.dat
1 16 -10 5 16.25 0.5 0 0 0 20 0 0 0 -0.25 box4-1.dat
1 16 -16.25 5 -10 0 0 0.25 0 20 0 0.5 0 0 box4-1.dat
1 16 -16.25 5 10 0 0 0.25 0 20 0 0.5 0 0 box4-1.dat
1 16 0 5 0 0 0 1 0 -5 0 -1 0 0 STUD4A.dat
1 16 10 5 -16.25 0.5 0 0 0 20 0 0 0 0.25 box4-1.dat
1 16 10 5 16.25 0.5 0 0 0 20 0 0 0 -0.25 box4-1.dat
1 16 16.25 5 -10 0 0 -0.25 0 20 0 0.5 0 0 box4-1.dat
1 16 16.25 5 10 0 0 -0.25 0 20 0 0.5 0 0 box4-1.dat

2 24 -10.45 0 65.929 3.3 0 54.264
2 24 -10.45 20 65.929 3.3 20 54.264
2 24 -12.987 20 62.837 0.662 20 51.257
2 24 -12.987 5 62.837 0.662 5 51.257
2 24 -13.271 20 20 -13.271 5 20
2 24 -13.271 20 20 -17.019 20 20
2 24 -13.271 20 20 -21.348 20 27.768
2 24 -13.271 5 20 -21.348 5 27.768
2 24 -13.271 5 20 18 5 20
2 24 -13.315 20 -35.294 -23.14 20 -25.14
2 24 -13.315 5 -35.294 -23.14 5 -25.14
2 24 -14 -3.5 16.5 -14 5 16.5
2 24 -14 -3.5 16.5 -4.158 -3.5 6.658
2 24 -14 5 16.5 -4.158 5 6.658
2 24 -16.234 0 -38.028 -26.953 0 -26.953
2 24 -16.234 20 -38.028 -26.953 20 -26.953
2 24 -16.5 -3.5 12 -16.5 5 12
2 24 -16.5 -3.5 16.5 -14 -3.5 16.5
2 24 -16.5 -3.5 16.5 -16.5 -3.5 12
2 24 -16.5 -3.5 16.5 -16.5 25 16.5
2 24 -16.5 25 -16.5 -16.5 25 16.5
2 24 -16.5 25 -16.5 -16.5 5 -16.5
2 24 -16.5 25 -16.5 16.5 25 -16.5
2 24 -16.5 5 -16.5 -16.5 5 12
2 24 -16.5 5 -16.5 12 5 -16.5
2 24 -17.019 -3.5 20 -20 -3.5 20
2 24 -17.019 20 20 -17.019 -3.5 20
2 24 -18 20 -20 -18 5 -20
2 24 -18 20 -20 -20 20 -20
2 24 -2.296 5 -5.543 0 5 -6
2 24 -2.296 5 5.543 0 5 6
2 24 -2.744 -3.5 5.244 -2.744 5 5.244
2 24 -2.744 5 5.244 -2.296 5 5.543
2 24 -2.876 20 -46.811 -13.315 20 -35.294
2 24 -2.876 5 -46.811 -13.315 5 -35.294
2 24 -20 -3.5 20 -20 -3.5 14.821
2 24 -20 -3.5 20 -20 25 20
2 24 -20 20 -18 -20 20 -20
2 24 -20 20 -18 -20 5 -18
2 24 -20 20 11.042 -20 20 14.821
2 24 -20 20 11.042 -20 5 11.042
2 24 -20 20 11.042 -27.173 20 18.111
2 24 -20 20 14.821 -20 -3.5 14.821
2 24 -20 25 -20 -20 20 -20
2 24 -20 25 20 -20 25 -20
2 24 -20 25 20 20 25 20
2 24 -20 5 11.042 -20 5 -18
2 24 -20 5 11.042 -27.173 5 18.111
2 24 -21.348 20 27.768 -21.348 5 27.768
2 24 -21.348 20 27.768 -26.975 20 67.358
2 24 -21.348 5 27.768 -26.975 5 67.358
2 24 -22.289 0 75.411 -10.45 0 65.929
2 24 -22.289 20 75.411 -10.45 20 65.929
2 24 -23.14 20 -25.14 -18 20 -20
2 24 -23.14 20 -25.14 -23.14 5 -25.14
2 24 -23.14 5 -25.14 -18 5 -20
2 24 -23.641 20 71.262 -12.987 20 62.837
2 24 -23.641 20 71.262 -23.641 5 71.262
2 24 -23.641 20 71.262 -26.975 20 67.358
2 24 -23.641 5 71.262 -12.987 5 62.837
2 24 -23.641 5 71.262 -26.975 5 67.358
2 24 -25.14 20 -23.14 -20 20 -18
2 24 -25.14 20 -23.14 -25.14 5 -23.14
2 24 -25.14 5 -23.14 -20 5 -18
2 24 -25.397 20 31.661 -30.212 20 66.134
2 24 -25.397 20 31.661 -30.444 20 36.514
2 24 -25.397 5 31.661 -25.397 20 31.661
2 24 -25.397 5 31.661 -30.212 5 66.134
2 24 -25.397 5 31.661 -30.444 5 36.514
2 24 -26.975 20 67.358 -26.975 5 67.358
2 24 -27.173 20 18.111 -27.173 5 18.111
2 24 -27.173 20 18.111 -67.024 20 20.467
2 24 -27.173 5 18.111 -67.024 5 20.467
2 24 -3.062 5 -7.391 0 5 -8
2 24 -3.062 5 7.391 0 5 8
2 24 -30.444 20 36.514 -44.695 20 49.177
2 24 -30.444 5 36.514 -44.695 5 49.177
2 24 -30.86 20 21.657 -30.86 5 21.657
2 24 -30.86 20 21.657 -37.911 20 28.436
2 24 -30.86 20 21.657 -64.318 20 23.635
2 24 -30.86 5 21.657 -37.911 5 28.436
2 24 -30.86 5 21.657 -64.318 5 23.635
2 24 -32.209 -3.5 34.604 -17.019 -3.5 20
2 24 -32.209 20 34.604 -17.019 20 20
2 24 -35.294 20 -13.315 -25.14 20 -23.14
2 24 -35.294 5 -13.315 -25.14 5 -23.14
2 24 -36.146 -3.5 30.345 -20 -3.5 14.821
2 24 -36.146 20 30.345 -20 20 14.821
2 24 -37.911 20 28.436 -51.839 20 40.813
2 24 -37.911 5 28.436 -51.839 5 40.813
2 24 -38.028 0 -16.234 -26.953 0 -26.953
2 24 -38.028 20 -16.234 -26.953 20 -26.953
2 24 -4.158 5 6.658 -3.062 5 7.391
2 24 -4.158 5 6.658 -4.158 -3.5 6.658
2 24 -4.243 -3.5 4.243 -2.744 -3.5 5.244
2 24 -4.243 5 -4.243 -2.296 5 -5.543
2 24 -4.243 5 -4.243 -5.543 5 -2.296
2 24 -46.384 -3.5 47.2 -32.209 -3.5 34.604
2 24 -46.384 20 47.2 -32.209 20 34.604
2 24 -46.811 20 -2.876 -35.294 20 -13.315
2 24 -46.811 5 -2.876 -35.294 5 -13.315
2 24 -49.448 0 -5.883 -38.028 0 -16.234
2 24 -49.448 20 -5.883 -38.028 20 -16.234
2 24 -5.543 -3.5 2.296 -4.243 -3.5 4.243
2 24 -5.543 5 -2.296 -6 5 0
2 24 -5.657 -3.5 5.657 -4.158 -3.5 6.658
2 24 -5.657 5 -5.657 -3.062 5 -7.391
2 24 -5.657 5 -5.657 -7.391 5 -3.062
2 24 -5.751 -3.5 1.251 -5.543 -3.5 2.296
2 24 -5.751 -3.5 1.251 -5.751 5 1.251
2 24 -5.883 0 -49.448 -16.234 0 -38.028
2 24 -5.883 20 -49.448 -16.234 20 -38.028
2 24 -50.15 -3.5 42.79 -36.146 -3.5 30.345
2 24 -50.15 20 42.79 -36.146 20 30.345
2 24 -58.663 20 7.1 -46.811 20 -2.876
2 24 -58.663 5 7.1 -46.811 5 -2.876
2 24 -6 5 0 -5.751 5 1.251
2 24 -61.201 0 4.05 -49.448 0 -5.883
2 24 -61.201 20 4.05 -49.448 20 -5.883
2 24 -64.318 20 23.635 -64.318 5 23.635
2 24 -65.586 20 24.717 -64.318 20 23.635
2 24 -65.586 5 24.717 -64.318 5 23.635
2 24 -67.024 20 20.467 -67.024 5 20.467
2 24 -7.391 -3.5 3.062 -5.657 -3.5 5.657
2 24 -7.391 -3.5 3.062 -7.391 5 3.062
2 24 -7.391 5 -3.062 -8 5 0
2 24 -7.3912 -3.5 3.0616 -16.5 -3.5 12
2 24 -7.3912 5 3.0616 -16.5 5 12
2 24 -70.401 20 16.513 -58.663 20 7.1
2 24 -70.401 20 16.513 -67.024 20 20.467
2 24 -70.401 20 16.513 -70.401 5 16.513
2 24 -70.401 5 16.513 -58.663 5 7.1
2 24 -70.401 5 16.513 -67.024 5 20.467
2 24 -74.245 0 14.579 -61.201 0 4.05
2 24 -74.245 20 14.579 -61.201 20 4.05
2 24 -8 5 0 -7.391 5 3.062
2 24 0 5 -6 1.251 5 -5.751
2 24 0 5 -8 3.062 5 -7.391
2 24 0 5 6 2.296 5 5.543
2 24 0 5 8 3.062 5 7.391
2 24 0.662 20 51.257 13.925 20 39.236
2 24 0.662 5 51.257 13.925 5 39.236
2 24 1.251 -3.5 -5.751 -5.751 -3.5 1.251
2 24 1.251 -3.5 -5.751 1.251 5 -5.751
2 24 1.251 -3.5 -5.751 2.296 -3.5 -5.543
2 24 1.251 5 -5.751 -5.751 5 1.251
2 24 11.042 20 -20 11.042 5 -20
2 24 11.042 20 -20 14.821 20 -20
2 24 11.042 20 -20 18.111 20 -27.173
2 24 11.042 5 -20 -18 5 -20
2 24 11.042 5 -20 18.111 5 -27.173
2 24 12 -3.5 -16.5 12 5 -16.5
2 24 13.925 20 39.236 25.772 20 27.772
2 24 13.925 5 39.236 25.772 5 27.772
2 24 14.579 0 -74.245 4.05 0 -61.201
2 24 14.579 20 -74.245 4.05 20 -61.201
2 24 14.821 20 -20 14.821 -3.5 -20
2 24 16.5 -3.5 -14 16.5 5 -14
2 24 16.5 -3.5 -14 6.658 -3.5 -4.158
2 24 16.5 -3.5 -16.5 12 -3.5 -16.5
2 24 16.5 -3.5 -16.5 16.5 -3.5 -14
2 24 16.5 -3.5 -16.5 16.5 25 -16.5
2 24 16.5 25 16.5 -16.5 25 16.5
2 24 16.5 25 16.5 16.5 25 -16.5
2 24 16.5 25 16.5 16.5 5 16.5
2 24 16.5 5 -14 6.658 5 -4.158
2 24 16.5 5 16.5 -14 5 16.5
2 24 16.5 5 16.5 16.5 5 -14
2 24 16.513 20 -70.401 16.513 5 -70.401
2 24 16.513 20 -70.401 20.467 20 -67.024
2 24 16.513 20 -70.401 7.1 20 -58.663
2 24 16.513 5 -70.401 20.467 5 -67.024
2 24 16.513 5 -70.401 7.1 5 -58.663
2 24 16.659 0 42.155 29.616 0 29.616
2 24 16.659 20 42.155 29.616 20 29.616
2 24 18 20 20 18 5 20
2 24 18 20 20 20 20 20
2 24 18.111 20 -27.173 18.111 5 -27.173
2 24 18.111 20 -27.173 20.467 20 -67.024
2 24 18.111 5 -27.173 20.467 5 -67.024
2 24 2.296 -3.5 -5.543 4.243 -3.5 -4.243
2 24 2.296 5 5.543 4.243 5 4.243
2 24 20 -3.5 -17.019 20 -3.5 -20
2 24 20 -3.5 -20 14.821 -3.5 -20
2 24 20 -3.5 -20 20 25 -20
2 24 20 20 -13.271 20 20 -17.019
2 24 20 20 -13.271 20 5 -13.271
2 24 20 20 -13.271 27.768 20 -21.348
2 24 20 20 -17.019 20 -3.5 -17.019
2 24 20 20 18 20 20 20
2 24 20 20 18 20 5 18
2 24 20 20 20 20 25 20
2 24 20 25 -20 -20 25 -20
2 24 20 25 -20 20 25 20
2 24 20 5 -13.271 20 5 18
2 24 20 5 -13.271 27.768 5 -21.348
2 24 20.467 20 -67.024 20.467 5 -67.024
2 24 21.657 20 -30.86 21.657 5 -30.86
2 24 21.657 20 -30.86 23.635 20 -64.318
2 24 21.657 20 -30.86 28.436 20 -37.911
2 24 21.657 5 -30.86 23.635 5 -64.318
2 24 21.657 5 -30.86 28.436 5 -37.911
2 24 23.635 20 -64.318 23.635 5 -64.318
2 24 24.717 20 -65.586 23.635 20 -64.318
2 24 24.717 5 -65.586 23.635 5 -64.318
2 24 25.772 20 27.772 18 20 20
2 24 25.772 20 27.772 25.772 5 27.772
2 24 25.772 5 27.772 18 5 20
2 24 27.768 20 -21.348 27.768 5 -21.348
2 24 27.768 20 -21.348 67.358 20 -26.975
2 24 27.768 5 -21.348 67.358 5 -26.975
2 24 27.772 20 25.772 20 20 18
2 24 27.772 20 25.772 27.772 5 25.772
2 24 27.772 5 25.772 20 5 18
2 24 28.436 20 -37.911 40.813 20 -51.839
2 24 28.436 5 -37.911 40.813 5 -51.839
2 24 3.0616 -3.5 -7.3912 12 -3.5 -16.5
2 24 3.0616 5 -7.3912 12 5 -16.5
2 24 3.062 -3.5 -7.391 3.062 5 -7.391
2 24 3.062 -3.5 -7.391 5.657 -3.5 -5.657
2 24 3.062 5 7.391 5.657 5 5.657
2 24 3.3 0 54.264 16.659 0 42.155
2 24 3.3 20 54.264 16.659 20 42.155
2 24 30.345 -3.5 -36.146 14.821 -3.5 -20
2 24 30.345 20 -36.146 14.821 20 -20
2 24 31.661 20 -25.397 36.514 20 -30.444
2 24 31.661 20 -25.397 66.134 20 -30.212
2 24 31.661 5 -25.397 31.661 20 -25.397
