0 Tyre 61/ 41 x 54 Off Road
0 Name: 32298.dat
0 Author: Marc Klein [marckl]
0 !LDRAW_ORG Part UPDATE 2013-01
0 !LICENSE Redistributable under CCAL version 2.0 : see CAreadme.txt

0 BFC CERTIFY CCW

0 !KEYWORDS Set 8466

0 !HISTORY 2013-07-21 [PTadmin] Official Update 2013-01

1 16 0 0 0 0 0 -1 0 1 0 1 0 0 s\32298s01.dat
1 16 0 0 0 0 -0.258819 -0.965926 0 0.965926 -0.258819 1 0 0 s\32298s01.dat
1 16 0 0 0 0 -0.5 -0.866025 0 0.866025 -0.5 1 0 0 s\32298s01.dat
1 16 0 0 0 0 -0.707107 -0.707107 0 0.707107 -0.707107 1 0 0 s\32298s01.dat
1 16 0 0 0 0 -0.866025 -0.5 0 0.5 -0.866025 1 0 0 s\32298s01.dat
1 16 0 0 0 0 -0.965926 -0.258819 0 0.258819 -0.965926 1 0 0 s\32298s01.dat
1 16 0 0 0 0 -1 0 0 0 -1 1 0 0 s\32298s01.dat
1 16 0 0 0 0 -0.965926 0.258819 0 -0.258819 -0.965926 1 0 0 s\32298s01.dat
1 16 0 0 0 0 -0.866025 0.5 0 -0.5 -0.866025 1 0 0 s\32298s01.dat
1 16 0 0 0 0 -0.707107 0.707107 0 -0.707107 -0.707107 1 0 0 s\32298s01.dat
1 16 0 0 0 0 -0.5 0.866025 0 -0.866025 -0.5 1 0 0 s\32298s01.dat
1 16 0 0 0 0 -0.258819 0.965926 0 -0.965926 -0.258819 1 0 0 s\32298s01.dat
1 16 0 0 0 0 0 1 0 -1 0 1 0 0 s\32298s01.dat
1 16 0 0 0 0 0.258819 0.965926 0 -0.965926 0.258819 1 0 0 s\32298s01.dat
1 16 0 0 0 0 0.5 0.866025 0 -0.866025 0.5 1 0 0 s\32298s01.dat
1 16 0 0 0 0 0.707107 0.707107 0 -0.707107 0.707107 1 0 0 s\32298s01.dat
1 16 0 0 0 0 0.866025 0.5 0 -0.5 0.866025 1 0 0 s\32298s01.dat
1 16 0 0 0 0 0.965926 0.258819 0 -0.258819 0.965926 1 0 0 s\32298s01.dat
1 16 0 0 0 0 1 0 0 0 1 1 0 0 s\32298s01.dat
1 16 0 0 0 0 0.965926 -0.258819 0 0.258819 0.965926 1 0 0 s\32298s01.dat
1 16 0 0 0 0 0.866025 -0.5 0 0.5 0.866025 1 0 0 s\32298s01.dat
1 16 0 0 0 0 0.707107 -0.707107 0 0.707107 0.707107 1 0 0 s\32298s01.dat
1 16 0 0 0 0 0.5 -0.866025 0 0.866025 0.5 1 0 0 s\32298s01.dat
1 16 0 0 0 0 0.258819 -0.965926 0 0.965926 0.258819 1 0 0 s\32298s01.dat
0 // Front ring for pattern
3 16 0 105 -76 0 81 -76 -13.59 103.2 -76
4 16 -13.59 103.2 -76 0 81 -76 -20.964 78.24 -76 -27.176 101.422 -76
3 16 -27.176 101.422 -76 -20.964 78.24 -76 -39.837 96.166 -76
4 16 -39.837 96.166 -76 -20.964 78.24 -76 -40.5 70.148 -76 -52.5 90.933 -76
3 16 -52.5 90.933 -76 -40.5 70.148 -76 -63.369 82.579 -76
4 16 -63.369 82.579 -76 -40.5 70.148 -76 -57.276 57.276 -76 -74.246 74.246 -76
3 16 -74.246 74.246 -76 -57.276 57.276 -76 -82.583 63.364 -76
4 16 -82.583 63.364 -76 -57.276 57.276 -76 -70.148 40.5 -76 -90.933 52.5 -76
3 16 -90.933 52.5 -76 -70.148 40.5 -76 -96.169 39.831 -76
4 16 -96.169 39.831 -76 -70.148 40.5 -76 -78.24 20.964 -76 -101.422 27.176 -76
3 16 -101.422 27.176 -76 -78.24 20.964 -76 -103.201 13.583 -76
4 16 -103.201 13.583 -76 -78.24 20.964 -76 -81 0 -76 -105 0 -76
3 16 -105 0 -76 -81 0 -76 -103.2 -13.59 -76
4 16 -103.2 -13.59 -76 -81 0 -76 -78.24 -20.964 -76 -101.422 -27.176 -76
3 16 -101.422 -27.176 -76 -78.24 -20.964 -76 -96.166 -39.837 -76
4 16 -96.166 -39.837 -76 -78.24 -20.964 -76 -70.148 -40.5 -76 -90.933 -52.5 -76
3 16 -90.933 -52.5 -76 -70.148 -40.5 -76 -82.579 -63.369 -76
4 16 -82.579 -63.369 -76 -70.148 -40.5 -76 -57.276 -57.276 -76 -74.246 -74.246 -76
3 16 -74.246 -74.246 -76 -57.276 -57.276 -76 -63.364 -82.583 -76
4 16 -63.364 -82.583 -76 -57.276 -57.276 -76 -40.5 -70.148 -76 -52.5 -90.933 -76
3 16 -52.5 -90.933 -76 -40.5 -70.148 -76 -39.831 -96.169 -76
4 16 -39.831 -96.169 -76 -40.5 -70.148 -76 -20.964 -78.24 -76 -27.176 -101.422 -76
3 16 -27.176 -101.422 -76 -20.964 -78.24 -76 -13.583 -103.201 -76
4 16 -13.583 -103.201 -76 -20.964 -78.24 -76 0 -81 -76 0 -105 -76
3 16 0 -105 -76 0 -81 -76 13.59 -103.2 -76
4 16 13.59 -103.2 -76 0 -81 -76 20.964 -78.24 -76 27.176 -101.422 -76
3 16 27.176 -101.422 -76 20.964 -78.24 -76 39.837 -96.166 -76
4 16 39.837 -96.166 -76 20.964 -78.24 -76 40.5 -70.148 -76 52.5 -90.933 -76
3 16 52.5 -90.933 -76 40.5 -70.148 -76 63.369 -82.579 -76
4 16 63.369 -82.579 -76 40.5 -70.148 -76 57.276 -57.276 -76 74.246 -74.246 -76
3 16 74.246 -74.246 -76 57.276 -57.276 -76 82.583 -63.364 -76
4 16 82.583 -63.364 -76 57.276 -57.276 -76 70.148 -40.5 -76 90.933 -52.5 -76
3 16 90.933 -52.5 -76 70.148 -40.5 -76 96.169 -39.831 -76
4 16 96.169 -39.831 -76 70.148 -40.5 -76 78.24 -20.964 -76 101.422 -27.176 -76
3 16 101.422 -27.176 -76 78.24 -20.964 -76 103.201 -13.583 -76
4 16 103.201 -13.583 -76 78.24 -20.964 -76 81 0 -76 105 0 -76
3 16 105 0 -76 81 0 -76 103.2 13.59 -76
4 16 103.2 13.59 -76 81 0 -76 78.24 20.964 -76 101.422 27.176 -76
3 16 101.422 27.176 -76 78.24 20.964 -76 96.166 39.837 -76
4 16 96.166 39.837 -76 78.24 20.964 -76 70.148 40.5 -76 90.933 52.5 -76
3 16 90.933 52.5 -76 70.148 40.5 -76 82.579 63.369 -76
4 16 82.579 63.369 -76 70.148 40.5 -76 57.276 57.276 -76 74.246 74.246 -76
3 16 74.246 74.246 -76 57.276 57.276 -76 63.364 82.583 -76
4 16 63.364 82.583 -76 57.276 57.276 -76 40.5 70.148 -76 52.5 90.933 -76
3 16 52.5 90.933 -76 40.5 70.148 -76 39.831 96.169 -76
4 16 39.831 96.169 -76 40.5 70.148 -76 20.964 78.24 -76 27.176 101.422 -76
3 16 27.176 101.422 -76 20.964 78.24 -76 13.583 103.201 -76
4 16 13.583 103.201 -76 20.964 78.24 -76 0 81 -76 0 105 -76
