0 Train Track  4.5V Curved Tapered (Complete 4 Segments)
0 Name: 3229ac04.dat
0 Author: Alex Taylor [anathema]
0 !LDRAW_ORG Shortcut UPDATE 2010-01
0 !LICENSE Redistributable under CCAL version 2.0 : see CAreadme.txt

0 BFC CERTIFY CCW

0 !HISTORY 2010-04-05 [PTadmin] Official Update 2010-01

1 16 156.072 0 -15.372 0.980785 0 0.19509 0 1 0 -0.19509 0 0.980785 3229ac01.dat
1 16 444.457 0 -134.824 0.83147 0 0.55557 0 1 0 -0.55557 0 0.83147 3229ac01.dat
1 16 665.176 0 -355.543 0.55557 0 0.83147 0 1 0 -0.83147 0 0.55557 3229ac01.dat
1 16 784.629 0 -643.928 0.19509 0 0.980786 0 1 0 -0.980786 0 0.19509 3229ac01.dat
1 15 306.147 16 -60.896 -0.382683 0 0.92388 0 1 0 -0.92388 0 -0.382683 3034.dat
1 15 565.686 16 -234.314 -0.707107 0 0.707107 0 1 0 -0.707107 0 -0.707107 3034.dat
1 15 739.104 16 -493.853 -0.92388 0 0.382683 0 1 0 -0.382683 0 -0.92388 3034.dat
0
