0 Train Track 12V Slotted Curved (Complete 4 Segments)
0 Name: 3241ac04.dat
0 Author: Steffen [Steffen]
0 !LDRAW_ORG Shortcut UPDATE 2012-01
0 !LICENSE Redistributable under CCAL version 2.0 : see CAreadme.txt

0 BFC CERTIFY CW

0 !CMDLINE -c7

0 !HISTORY 2012-03-30 [PTadmin] Official Update 2012-01

1 16 156.072 0 -15.372 0.980785 0 0.19509 0 1 0 -0.19509 0 0.980785 3241ac01.dat
1 16 444.457 0 -134.824 0.83147 0 0.55557 0 1 0 -0.55557 0 0.83147 3241ac01.dat
1 16 665.176 0 -355.543 0.55557 0 0.83147 0 1 0 -0.83147 0 0.55557 3241ac01.dat
1 16 784.629 0 -643.928 0.19509 0 0.980786 0 1 0 -0.980786 0 0.19509 3241ac01.dat
1 8 306.147 16 -60.896 -0.382683 0 0.92388 0 1 0 -0.92388 0 -0.382683 767.dat
1 8 565.686 16 -234.314 -0.707107 0 0.707107 0 1 0 -0.707107 0 -0.707107 767.dat
1 8 739.104 16 -493.853 -0.92388 0 0.382683 0 1 0 -0.382683 0 -0.92388 767.dat
