0 Tyre 22/ 30 x 30 H
0 Name: 44308.dat
0 Author: Marc Klein [marckl]
0 !LDRAW_ORG Part UPDATE 2013-02
0 !LICENSE Redistributable under CCAL version 2.0 : see CAreadme.txt

0 BFC CERTIFY CCW

0 !HISTORY 2010-02-09 [Philo] Used more primitives
0 !HISTORY 2013-07-21 [PTadmin] Official Update 2013-01
0 !HISTORY 2013-12-05 [cwdee] Correct description
0 !HISTORY 2013-12-23 [PTadmin] Official Update 2013-02

1 16 0 0 0 0.90097 0 0.43388 0.43388 0 -0.90097 0 1 0 s\44308s01.dat
1 16 0 0 0 0.90097 0 -0.43388 -0.43388 0 -0.90097 0 1 0 s\44308s01.dat
1 16 0 0 0 0.22252 0 0.97493 0.97493 0 -0.22252 0 1 0 s\44308s01.dat
1 16 0 0 0 0.62349 0 0.78183 0.78183 0 -0.62349 0 1 0 s\44308s01.dat
1 16 0 0 0 0.22252 0 -0.97493 -0.97493 0 -0.22252 0 1 0 s\44308s01.dat
1 16 0 0 0 0.62349 0 -0.78183 -0.78183 0 -0.62349 0 1 0 s\44308s01.dat
1 16 0 0 0 -0.90097 0 -0.43388 0.43388 0 -0.90097 0 -1 0 s\44308s01.dat
1 16 0 0 0 -0.90097 0 0.43388 -0.43388 0 -0.90097 0 -1 0 s\44308s01.dat
1 16 0 0 0 -0.22252 0 -0.97493 0.97493 0 -0.22252 0 -1 0 s\44308s01.dat
1 16 0 0 0 -0.62349 0 -0.78183 0.78183 0 -0.62349 0 -1 0 s\44308s01.dat
1 16 0 0 0 -0.22252 0 0.97493 -0.97493 0 -0.22252 0 -1 0 s\44308s01.dat
1 16 0 0 0 -0.62349 0 0.78183 -0.78183 0 -0.62349 0 -1 0 s\44308s01.dat
1 16 0 0 0 -0.90097 0 -0.43388 -0.43388 0 0.90097 0 1 0 s\44308s01.dat
1 16 0 0 0 -0.90097 0 0.43388 0.43388 0 0.90097 0 1 0 s\44308s01.dat
1 16 0 0 0 -0.22252 0 -0.97493 -0.97493 0 0.22252 0 1 0 s\44308s01.dat
1 16 0 0 0 -0.62349 0 -0.78183 -0.78183 0 0.62349 0 1 0 s\44308s01.dat
1 16 0 0 0 -0.22252 0 0.97493 0.97493 0 0.22252 0 1 0 s\44308s01.dat
1 16 0 0 0 -0.62349 0 0.78183 0.78183 0 0.62349 0 1 0 s\44308s01.dat
1 16 0 0 0 0.90097 0 0.43388 -0.43388 0 0.90097 0 -1 0 s\44308s01.dat
1 16 0 0 0 0.90097 0 -0.43388 0.43388 0 0.90097 0 -1 0 s\44308s01.dat
1 16 0 0 0 0.22252 0 0.97493 -0.97493 0 0.22252 0 -1 0 s\44308s01.dat
1 16 0 0 0 0.62349 0 0.78183 -0.78183 0 0.62349 0 -1 0 s\44308s01.dat
1 16 0 0 0 0.22252 0 -0.97493 0.97493 0 0.22252 0 -1 0 s\44308s01.dat
1 16 0 0 0 0.62349 0 -0.78183 0.78183 0 0.62349 0 -1 0 s\44308s01.dat
1 16 0 0 0 1 0 0 0 0 -1 0 1 0 s\44308s01.dat
1 16 0 0 0 -1 0 0 0 0 -1 0 -1 0 s\44308s01.dat
1 16 0 0 0 -1 0 0 0 0 1 0 1 0 s\44308s01.dat
1 16 0 0 0 1 0 0 0 0 1 0 -1 0 s\44308s01.dat
1 16 0 0 -25 38 0 0 0 0 -38 0 1 0 48\4-4edge.dat
1 16 0 0 -21 38 0 0 0 0 -38 0 1 0 48\4-4edge.dat
1 16 0 0 -21 34 0 0 0 0 -34 0 1 0 48\4-4edge.dat
1 16 0 0 -15 34 0 0 0 0 -34 0 1 0 48\4-4edge.dat
1 16 0 0 -15 40.8 0 0 0 0 -40.8 0 1 0 48\4-4edge.dat
1 16 0 0 -25 40.8 0 0 0 0 -40.8 0 1 0 48\4-4edge.dat
1 16 0 0 -25 44.88 0 0 0 0 -44.88 0 1 0 48\4-4edge.dat
0 BFC INVERTNEXT
1 16 0 0 -21 38 0 0 0 0 -38 0 -4 0 48\4-4cyli.dat
0 BFC INVERTNEXT
1 16 0 0 -15 34 0 0 0 0 -34 0 -6 0 48\4-4cyli.dat
0 BFC INVERTNEXT
1 16 0 0 -5 49.8667 0 0 0 0 -49.8667 0 10 0 48\4-4cyli.dat
1 16 0 0 -15 40.8 0 0 0 0 -40.8 0 -10 0 48\4-4cyli.dat
1 16 0 0 -28 40 0 0 0 0 -40 0 1 0 48\4-4edge.dat
0 BFC INVERTNEXT
1 16 0 0 -28 2 0 0 0 0 -2 0 3 0 48\4-4con19.dat
0 BFC INVERTNEXT
1 16 0 0 -5 -4.98667 0 0 0 0 -4.98667 0 -20 0 48\4-4con9.dat
1 16 0 0 -21 2 0 0 0 0 -2 0 1 0 48\4-4rin18.dat
1 16 0 0 -21 2 0 0 0 0 -2 0 1 0 48\4-4rin17.dat
1 16 0 0 -15 -6.8 0 0 0 0 -6.8 0 -1 0 48\4-4ring5.dat
1 16 0 0 -25 -4.08 0 0 0 0 -4.08 0 -1 0 48\4-4rin10.dat
4 16 46.375 0 -28 40 0 -28 39.656 5.22 -28 45.211 10.32 -28
3 16 45.211 10.32 -28 39.656 5.22 -28 38.636 10.352 -28
4 16 45.211 10.32 -28 38.636 10.352 -28 36.956 15.308 -28 41.782 20.121 -28
3 16 41.782 20.121 -28 36.956 15.308 -28 34.64 20 -28
4 16 41.782 20.121 -28 34.64 20 -28 31.736 24.352 -28 36.256 28.914 -28
4 16 36.256 28.914 -28 31.736 24.352 -28 28.284 28.284 -28 28.914 36.258 -28
3 16 28.914 36.258 -28 28.284 28.284 -28 24.352 31.736 -28
4 16 28.914 36.258 -28 24.352 31.736 -28 20 34.64 -28 20.12 41.781 -28
3 16 20.12 41.781 -28 20 34.64 -28 15.308 36.956 -28
4 16 20.12 41.781 -28 15.308 36.956 -28 10.352 38.636 -28 10.319 45.212 -28
3 16 10.319 45.212 -28 10.352 38.636 -28 5.22 39.656 -28
4 16 10.319 45.212 -28 5.22 39.656 -28 0 40 -28 -0.001 46.374 -28
4 16 -0.001 46.374 -28 0 40 -28 -5.22 39.656 -28 -10.319 45.212 -28
3 16 -10.319 45.212 -28 -5.22 39.656 -28 -10.352 38.636 -28
4 16 -10.319 45.212 -28 -10.352 38.636 -28 -15.308 36.956 -28 -20.121 41.781 -28
3 16 -20.121 41.781 -28 -15.308 36.956 -28 -20 34.64 -28
4 16 -20.121 41.781 -28 -20 34.64 -28 -24.352 31.736 -28 -28.914 36.258 -28
4 16 -28.914 36.258 -28 -24.352 31.736 -28 -28.284 28.284 -28 -36.257 28.913 -28
3 16 -36.257 28.913 -28 -28.284 28.284 -28 -31.736 24.352 -28
4 16 -36.257 28.913 -28 -31.736 24.352 -28 -34.64 20 -28 -41.782 20.121 -28
3 16 -41.782 20.121 -28 -34.64 20 -28 -36.956 15.308 -28
4 16 -41.782 20.121 -28 -36.956 15.308 -28 -38.636 10.352 -28 -45.211 10.318 -28
3 16 -45.211 10.318 -28 -38.636 10.352 -28 -39.656 5.22 -28
4 16 -45.211 10.318 -28 -39.656 5.22 -28 -40 0 -28 -46.375 0 -28
4 16 -46.375 0 -28 -40 0 -28 -39.656 -5.22 -28 -45.211 -10.32 -28
3 16 -45.211 -10.32 -28 -39.656 -5.22 -28 -38.636 -10.352 -28
4 16 -45.211 -10.32 -28 -38.636 -10.352 -28 -36.956 -15.308 -28 -41.782 -20.121 -28
3 16 -41.782 -20.121 -28 -36.956 -15.308 -28 -34.64 -20 -28
4 16 -41.782 -20.121 -28 -34.64 -20 -28 -31.736 -24.352 -28 -36.256 -28.914 -28
4 16 -36.256 -28.914 -28 -31.736 -24.352 -28 -28.284 -28.284 -28 -28.914 -36.258 -28
3 16 -28.914 -36.258 -28 -28.284 -28.284 -28 -24.352 -31.736 -28
4 16 -28.914 -36.258 -28 -24.352 -31.736 -28 -20 -34.64 -28 -20.12 -41.781 -28
3 16 -20.12 -41.781 -28 -20 -34.64 -28 -15.308 -36.956 -28
4 16 -20.12 -41.781 -28 -15.308 -36.956 -28 -10.352 -38.636 -28 -10.319 -45.212 -28
3 16 -10.319 -45.212 -28 -10.352 -38.636 -28 -5.22 -39.656 -28
4 16 -10.319 -45.212 -28 -5.22 -39.656 -28 0 -40 -28 0.001 -46.374 -28
4 16 0.001 -46.374 -28 0 -40 -28 5.22 -39.656 -28 10.319 -45.212 -28
3 16 10.319 -45.212 -28 5.22 -39.656 -28 10.352 -38.636 -28
4 16 10.319 -45.212 -28 10.352 -38.636 -28 15.308 -36.956 -28 20.121 -41.781 -28
3 16 20.121 -41.781 -28 15.308 -36.956 -28 20 -34.64 -28
4 16 20.121 -41.781 -28 20 -34.64 -28 24.352 -31.736 -28 28.914 -36.258 -28
4 16 28.914 -36.258 -28 24.352 -31.736 -28 28.284 -28.284 -28 36.257 -28.913 -28
3 16 36.257 -28.913 -28 28.284 -28.284 -28 31.736 -24.352 -28
4 16 36.257 -28.913 -28 31.736 -24.352 -28 34.64 -20 -28 41.782 -20.121 -28
3 16 41.782 -20.121 -28 34.64 -20 -28 36.956 -15.308 -28
4 16 41.782 -20.121 -28 36.956 -15.308 -28 38.636 -10.352 -28 45.211 -10.318 -28
3 16 45.211 -10.318 -28 38.636 -10.352 -28 39.656 -5.22 -28
4 16 45.211 -10.318 -28 39.656 -5.22 -28 40 0 -28 46.375 0 -28
1 16 0 0 25 -38 0 0 0 0 -38 0 -1 0 48\4-4edge.dat
1 16 0 0 21 -38 0 0 0 0 -38 0 -1 0 48\4-4edge.dat
1 16 0 0 21 -34 0 0 0 0 -34 0 -1 0 48\4-4edge.dat
1 16 0 0 15 -34 0 0 0 0 -34 0 -1 0 48\4-4edge.dat
1 16 0 0 15 -40.8 0 0 0 0 -40.8 0 -1 0 48\4-4edge.dat
1 16 0 0 25 -40.8 0 0 0 0 -40.8 0 -1 0 48\4-4edge.dat
1 16 0 0 25 -44.88 0 0 0 0 -44.88 0 -1 0 48\4-4edge.dat
0 BFC INVERTNEXT
1 16 0 0 21 -38 0 0 0 0 -38 0 4 0 48\4-4cyli.dat
0 BFC INVERTNEXT
1 16 0 0 15 -34 0 0 0 0 -34 0 6 0 48\4-4cyli.dat
1 16 0 0 15 -40.8 0 0 0 0 -40.8 0 10 0 48\4-4cyli.dat
1 16 0 0 28 -40 0 0 0 0 -40 0 -1 0 48\4-4edge.dat
0 BFC INVERTNEXT
1 16 0 0 28 -2 0 0 0 0 -2 0 -3 0 48\4-4con19.dat
0 BFC INVERTNEXT
1 16 0 0 5 4.98667 0 0 0 0 -4.98667 0 20 0 48\4-4con9.dat
1 16 0 0 21 -2 0 0 0 0 -2 0 -1 0 48\4-4rin18.dat
1 16 0 0 21 -2 0 0 0 0 -2 0 -1 0 48\4-4rin17.dat
1 16 0 0 15 6.8 0 0 0 0 -6.8 0 1 0 48\4-4ring5.dat
1 16 0 0 25 4.08 0 0 0 0 -4.08 0 1 0 48\4-4rin10.dat
4 16 -46.375 0 28 -40 0 28 -39.656 5.22 28 -45.211 10.32 28
3 16 -45.211 10.32 28 -39.656 5.22 28 -38.636 10.352 28
4 16 -45.211 10.32 28 -38.636 10.352 28 -36.956 15.308 28 -41.782 20.121 28
3 16 -41.782 20.121 28 -36.956 15.308 28 -34.64 20 28
4 16 -41.782 20.121 28 -34.64 20 28 -31.736 24.352 28 -36.256 28.914 28
4 16 -36.256 28.914 28 -31.736 24.352 28 -28.284 28.284 28 -28.914 36.258 28
3 16 -28.914 36.258 28 -28.284 28.284 28 -24.352 31.736 28
4 16 -28.914 36.258 28 -24.352 31.736 28 -20 34.64 28 -20.12 41.781 28
3 16 -20.12 41.781 28 -20 34.64 28 -15.308 36.956 28
4 16 -20.12 41.781 28 -15.308 36.956 28 -10.352 38.636 28 -10.319 45.212 28
3 16 -10.319 45.212 28 -10.352 38.636 28 -5.22 39.656 28
4 16 -10.319 45.212 28 -5.22 39.656 28 0 40 28 0.001 46.374 28
4 16 0.001 46.374 28 0 40 28 5.22 39.656 28 10.319 45.212 28
3 16 10.319 45.212 28 5.22 39.656 28 10.352 38.636 28
4 16 10.319 45.212 28 10.352 38.636 28 15.308 36.956 28 20.121 41.781 28
3 16 20.121 41.781 28 15.308 36.956 28 20 34.64 28
4 16 20.121 41.781 28 20 34.64 28 24.352 31.736 28 28.914 36.258 28
4 16 28.914 36.258 28 24.352 31.736 28 28.284 28.284 28 36.257 28.913 28
3 16 36.257 28.913 28 28.284 28.284 28 31.736 24.352 28
4 16 36.257 28.913 28 31.736 24.352 28 34.64 20 28 41.782 20.121 28
3 16 41.782 20.121 28 34.64 20 28 36.956 15.308 28
4 16 41.782 20.121 28 36.956 15.308 28 38.636 10.352 28 45.211 10.318 28
3 16 45.211 10.318 28 38.636 10.352 28 39.656 5.22 28
4 16 45.211 10.318 28 39.656 5.22 28 40 0 28 46.375 0 28
4 16 46.375 0 28 40 0 28 39.656 -5.22 28 45.211 -10.32 28
3 16 45.211 -10.32 28 39.656 -5.22 28 38.636 -10.352 28
4 16 45.211 -10.32 28 38.636 -10.352 28 36.956 -15.308 28 41.782 -20.121 28
3 16 41.782 -20.121 28 36.956 -15.308 28 34.64 -20 28
4 16 41.782 -20.121 28 34.64 -20 28 31.736 -24.352 28 36.256 -28.914 28
4 16 36.256 -28.914 28 31.736 -24.352 28 28.284 -28.284 28 28.914 -36.258 28
3 16 28.914 -36.258 28 28.284 -28.284 28 24.352 -31.736 28
4 16 28.914 -36.258 28 24.352 -31.736 28 20 -34.64 28 20.12 -41.781 28
3 16 20.12 -41.781 28 20 -34.64 28 15.308 -36.956 28
4 16 20.12 -41.781 28 15.308 -36.956 28 10.352 -38.636 28 10.319 -45.212 28
3 16 10.319 -45.212 28 10.352 -38.636 28 5.22 -39.656 28
4 16 10.319 -45.212 28 5.22 -39.656 28 0 -40 28 -0.001 -46.374 28
4 16 -0.001 -46.374 28 0 -40 28 -5.22 -39.656 28 -10.319 -45.212 28
3 16 -10.319 -45.212 28 -5.22 -39.656 28 -10.352 -38.636 28
4 16 -10.319 -45.212 28 -10.352 -38.636 28 -15.308 -36.956 28 -20.121 -41.781 28
3 16 -20.121 -41.781 28 -15.308 -36.956 28 -20 -34.64 28
4 16 -20.121 -41.781 28 -20 -34.64 28 -24.352 -31.736 28 -28.914 -36.258 28
4 16 -28.914 -36.258 28 -24.352 -31.736 28 -28.284 -28.284 28 -36.257 -28.913 28
3 16 -36.257 -28.913 28 -28.284 -28.284 28 -31.736 -24.352 28
4 16 -36.257 -28.913 28 -31.736 -24.352 28 -34.64 -20 28 -41.782 -20.121 28
3 16 -41.782 -20.121 28 -34.64 -20 28 -36.956 -15.308 28
4 16 -41.782 -20.121 28 -36.956 -15.308 28 -38.636 -10.352 28 -45.211 -10.318 28
3 16 -45.211 -10.318 28 -38.636 -10.352 28 -39.656 -5.22 28
4 16 -45.211 -10.318 28 -39.656 -5.22 28 -40 0 28 -46.375 0 28
