0 Plate  6 x  6 Hexagonal with Six Spokes and Clips
0 Name: 64566.dat
0 Author: Alex Taylor [anathema]
0 !LDRAW_ORG Part UPDATE 2011-01
0 !LICENSE Redistributable under CCAL version 2.0 : see CAreadme.txt

0 BFC CERTIFY CCW

0 !HISTORY 2011-07-25 [PTadmin] Official Update 2011-01

1 16 0 0 0 1 0 0 0 1 0 0 0 1 s\64566s01.dat
1 16 0 0 0 -1 0 0 0 1 0 0 0 1 s\64566s01.dat
1 16 0 0 0 0.5 0 -0.866025 0 1 0 0.866025 0 0.5 s\64566s01.dat
1 16 0 0 0 -0.5 0 -0.866025 0 1 0 -0.866025 0 0.5 s\64566s01.dat
1 16 0 0 0 -0.5 0 -0.866025 0 1 0 0.866025 0 -0.5 s\64566s01.dat
1 16 0 0 0 0.5 0 -0.866025 0 1 0 -0.866025 0 -0.5 s\64566s01.dat
1 16 0 0 0 -1 0 0 0 1 0 0 0 -1 s\64566s01.dat
1 16 0 0 0 1 0 0 0 1 0 0 0 -1 s\64566s01.dat
1 16 0 0 0 -0.5 0 0.866025 0 1 0 -0.866025 0 -0.5 s\64566s01.dat
1 16 0 0 0 0.5 0 0.866025 0 1 0 0.866025 0 -0.5 s\64566s01.dat
1 16 0 0 0 0.5 0 0.866025 0 1 0 -0.866025 0 0.5 s\64566s01.dat
1 16 0 0 0 -0.5 0 0.866025 0 1 0 0.866025 0 0.5 s\64566s01.dat
2 24 10 0 -17.321 10 8 -17.321
4 16 7 0 -11 -7 0 -11 -10 0 -17.321 10 0 -17.321
4 16 -7 0 11 7 0 11 10 0 17.321 -10 0 17.321
4 16 -7 0 5 -7 0 11 -10 0 17.3208 -20 0 0
4 16 -20 0 0 -7 0 -5 -6 0 0 -7 0 5
4 16 -7 4 -5 -7 4 -11 -7.691 4 -13.321 -15.3818 4 0
4 16 -15.3818 4 0 -7.691 4 13.321 -7 4 11 -7 4 5
4 16 7 4 5 7 4 11 7.691 4 13.321 15.3818 4 0
3 16 7 4 5 15.3818 4 0 7 4 -5
3 16 -7 4 -5 -15.3818 4 0 -7 4 5
4 16 5 4 13.321 7.691 4 13.321 7 4 11 5 4 11
4 16 -5 4 11 -7 4 11 -7.691 4 13.321 -5 4 13.321
4 16 -5 4 -13.321 -7.691 4 -13.321 -7 4 -11 -5 4 -11
4 16 5 4 -11 7 4 -11 7.691 4 -13.321 5 4 -13.321
4 16 15.3818 4 0 7.691 4 -13.321 7 4 -11 7 4 -5
4 16 20 0 0 7 0 5 6 0 0 7 0 -5
3 16 7 0 -5 6 0 0 5.543 0 -2.296
4 16 7 0 -5 5.543 0 -2.296 4.24264 0 -4.24264 5 0 -5
3 16 2.2961 0 -5.54328 1 0 -5.801 1 0 -11
3 16 1 0 -11 4.24264 0 -4.24264 2.2961 0 -5.54328
4 16 20 0 0 10 0 17.3208 7 0 11 7 0 5
4 16 7 0 -5 7 0 -11 10 0 -17.3208 20 0 0
4 16 4.24264 0 -4.24264 1 0 -11 5 0 -11 5 0 -5
3 16 -7 0 5 -6 0 0 -5.543 0 2.296
4 16 -7 0 5 -5.543 0 2.296 -4.24264 0 4.24264 -5 0 5
3 16 -2.2961 0 5.54328 -1 0 5.801 -1 0 11
3 16 -1 0 11 -4.24264 0 4.24264 -2.2961 0 5.54328
4 16 -4.24264 0 4.24264 -1 0 11 -5 0 11 -5 0 5
3 16 5.543 0 2.296 6 0 0 7 0 5
4 16 4.24264 0 4.24264 5.543 0 2.296 7 0 5 5 0 5
3 16 1 0 11 1 0 5.801 2.2961 0 5.54328
3 16 2.2961 0 5.54328 4.24264 0 4.24264 1 0 11
4 16 5 0 5 5 0 11 1 0 11 4.24264 0 4.24264
3 16 -5.543 0 -2.296 -6 0 0 -7 0 -5
4 16 -4.24264 0 -4.24264 -5.543 0 -2.296 -7 0 -5 -5 0 -5
3 16 -1 0 -11 -1 0 -5.801 -2.2961 0 -5.54328
3 16 -2.2961 0 -5.54328 -4.24264 0 -4.24264 -1 0 -11
4 16 -5 0 -5 -5 0 -11 -1 0 -11 -4.24264 0 -4.24264
4 16 -20 0 0 -10 0 -17.3208 -7 0 -11 -7 0 -5
2 24 20 0 0 20 8 0
2 24 10 0 17.3208 10 8 17.3208
2 24 -10 0 17.321 -10 8 17.321
2 24 -20 0 0 -20 8 0
2 24 -10 0 -17.3208 -10 8 -17.3208
1 16 0 0 -20 0 0 1 0 1 0 -1 0 0 stud2.dat
1 16 0 0 -40 0 0 1 0 1 0 -1 0 0 stud2.dat
1 16 17.321 0 -10 0.866025 0 0.5 0 1 0 -0.5 0 0.866025 stud2.dat
1 16 34.641 0 -20 0.866025 0 0.5 0 1 0 -0.5 0 0.866025 stud2.dat
1 16 17.321 0 10 0.866025 0 -0.5 0 1 0 0.5 0 0.866025 stud2.dat
1 16 34.641 0 20 0.866025 0 -0.5 0 1 0 0.5 0 0.866025 stud2.dat
1 16 0 0 20 0 0 -1 0 1 0 1 0 0 stud2.dat
1 16 0 0 40 0 0 -1 0 1 0 1 0 0 stud2.dat
1 16 -17.321 0 10 -0.866025 0 -0.5 0 1 0 0.5 0 -0.866025 stud2.dat
1 16 -34.641 0 20 -0.866025 0 -0.5 0 1 0 0.5 0 -0.866025 stud2.dat
1 16 -17.321 0 -10 -0.866025 0 0.5 0 1 0 -0.5 0 -0.866025 stud2.dat
1 16 -34.641 0 -20 -0.866025 0 0.5 0 1 0 -0.5 0 -0.866025 stud2.dat
1 16 0 4 -30 1 0 0 0 -1 0 0 0 -1 stud3.dat
1 16 25.981 4 -15 0.5 0 0.866025 0 -1 0 0.866025 0 -0.5 stud3.dat
1 16 25.981 4 15 -0.5 0 0.866025 0 -1 0 0.866025 0 0.5 stud3.dat
1 16 0 4 30 -1 0 0 0 -1 0 0 0 1 stud3.dat
1 16 -9.804 4 5.67 0.5 0 -2.30363 0 4 0 0.866025 0 1.33 box4-4a.dat
1 16 0 6 5 0 0 5 2 0 0 0 9 0 box3u8p.dat
1 16 0 6 -5 0 0 -5 2 0 0 0 -9 0 box3u8p.dat
1 16 -25.981 4 15 -0.5 0 -0.866025 0 -1 0 -0.866025 0 0.5 stud3.dat
1 16 -25.981 4 -15 0.5 0 -0.866025 0 -1 0 -0.866025 0 -0.5 stud3.dat
1 16 0 0 0 1 0 0 0 8 0 0 0 1 axlehol5.dat
0 BFC INVERTNEXT
1 16 -6 0 8 1 0 0 0 4 0 0 0 3 box4o4a.dat
0 BFC INVERTNEXT
1 16 0 4 -5.801 0 0 -1 4 0 0 0 -5.199 0 box3u2p.dat
0 BFC INVERTNEXT
1 16 0.001 4 5.801 0 0 1 4 0 0 0 5.199 0 box3u2p.dat
1 16 -1.5 4 5.7015 0 -1.592 -0.5 -4 0 0 0 8 -0.0995 rect3.dat
1 16 1.5 4 5.7015 0 0.195173 0.5 4 0 0 0 1 -0.0995 rect3.dat
1 16 1.5 4 -5.7015 0 0.195173 0.5 -4 0 0 0 -1 0.0995 rect3.dat
1 16 -1.5 4 -5.7015 0 -1.592 -0.5 4 0 0 0 -8 0.0995 rect3.dat
1 16 -8.0001 6 0 0 1 0 0 0 -2 -3.47397 0 0 rect.dat
1 16 8.0001 6 0 0 -1.029324 0 0 0 2 -3.47397 0 0 rect.dat
1 16 -6 6 5 0 0 -1 2 0 0 0 -1 0 rect2a.dat
2 24 -7 4 5.20603 -7 4 11
2 24 -5 4 11 -7 4 11
2 24 -5 4 11 -5 4 14
2 24 -5 8 5 -5 8 14
1 16 -7 6 5.103015 0 -1 0 2 -1 0 0 -1 0.103015 rect2a.dat
1 16 9.804 4 5.67 -0.5 0 2.30363 0 4 0 0.866025 0 1.33 box4-4a.dat
0 BFC INVERTNEXT
1 16 6 0 8 -1 0 0 0 4 0 0 0 3 box4o4a.dat
3 16 7 8 5 7 8 5.20603 8.0001 8 3.47397
3 16 8.0001 8 -3.47397 6 8 0 8.0001 8 3.47397
3 16 -8.0001 8 3.47397 -6 8 0 -8.0001 8 -3.47397
1 16 6 6 5 1 0 0 0 0 2 0 -1 0 rect2a.dat
2 24 7 4 5.20603 7 4 11
2 24 5 4 11 7 4 11
2 24 5 4 11 5 4 14
2 24 5 8 5 5 8 14
2 24 -5 8 14 5 8 14
4 16 -5 8 14 5 8 14 1 8 11 -1 8 11
4 16 1 8 5.801 1 8 11 5 8 14 2 8 5.602
4 16 4.24264 8 4.24264 2.2961 8 5.54328 5 8 14 5 8 5
4 16 5 8 5 7 8 5 5.543 8 2.296 4.24264 8 4.24264
4 16 6 8 0 5.543 8 2.296 7 8 5 8.0171 8 3.47397
3 16 2 8 5.602 5 8 14 2.2961 8 5.54328
3 16 -8.0001 8 3.47397 -7 8 5.20603 -7 8 5
4 16 -2 8 5.602 -5 8 14 -1 8 11 -1 8 5.801
4 16 -5 8 5 -5 8 14 -2.2961 8 5.54328 -4.24264 8 4.24264
4 16 -4.24264 8 4.24264 -5.543 8 2.296 -7 8 5 -5 8 5
4 16 -8.0171 8 3.47397 -7 8 5 -5.543 8 2.296 -6 8 0
3 16 -2.2961 8 5.54328 -5 8 14 -2 8 5.602
3 16 -7 8 -5 -7 8 -5.20603 -8.0001 8 -3.47397
4 16 -1 8 -5.801 -1 8 -11 -5 8 -14 -2 8 -5.602
4 16 -4.24264 8 -4.24264 -2.2961 8 -5.54328 -5 8 -14 -5 8 -5
4 16 -5 8 -5 -7 8 -5 -5.543 8 -2.296 -4.24264 8 -4.24264
4 16 -6 8 0 -5.543 8 -2.296 -7 8 -5 -8.0171 8 -3.47397
3 16 -2 8 -5.602 -5 8 -14 -2.2961 8 -5.54328
3 16 8.0001 8 -3.47397 7 8 -5.20603 7 8 -5
4 16 2 8 -5.602 5 8 -14 1 8 -11 1 8 -5.801
4 16 5 8 -5 5 8 -14 2.2961 8 -5.54328 4.24264 8 -4.24264
4 16 4.24264 8 -4.24264 5.543 8 -2.296 7 8 -5 5 8 -5
4 16 8.0171 8 -3.47397 7 8 -5 5.543 8 -2.296 6 8 0
3 16 2.2961 8 -5.54328 5 8 -14 2 8 -5.602
4 16 5 8 -14 -5 8 -14 -1 8 -11 1 8 -11
2 24 -5 4 14 5 4 14
2 24 -5 4 -14 5 4 -14
2 24 -5 8 -14 5 8 -14
1 16 7 6 5.103015 0 1 0 0 0 2 0.103015 0 0 rect2a.dat
1 16 9.804 4 -5.67 -0.5 0 2.30363 0 4 0 -0.866025 0 -1.33 box4-4a.dat
0 BFC INVERTNEXT
1 16 6 0 -8 -1 0 0 0 4 0 0 0 -3 box4o4a.dat
1 16 6 6 -5 0 0 1 2 0 0 0 1 0 rect2a.dat
2 24 7 4 -5.20603 7 4 -11
2 24 5 4 -11 7 4 -11
2 24 5 4 -11 5 4 -14
2 24 5 8 -5 5 8 -14
1 16 7 6 -5.103015 0 1 0 2 0 0 0 0 -0.103015 rect2a.dat
1 16 -9.804 4 -5.67 0.5 0 -2.30363 0 4 0 -0.866025 0 -1.33 box4-4a.dat
0 BFC INVERTNEXT
1 16 -6 0 -8 1 0 0 0 4 0 0 0 -3 box4o4a.dat
1 16 -6 6 -5 -1 0 0 0 0 2 0 1 0 rect2a.dat
2 24 -7 4 -5.20603 -7 4 -11
2 24 -5 4 -11 -7 4 -11
2 24 -5 4 -11 -5 4 -14
2 24 -5 8 -5 -5 8 -14
1 16 -7 6 -5.103015 0 -1 0 0 -1 2 -0.103015 -1 0 rect2a.dat
0
