0 Wheel 32 x 64 Conical with Spikes and Inner 48 Tooth Gear
0 Name: 64712.dat
0 Author: Philippe Hurbain [Philo]
0 !LDRAW_ORG Part UPDATE 2012-02
0 !LICENSE Redistributable under CCAL version 2.0 : see CAreadme.txt

0 BFC CERTIFY CCW

0 !HISTORY 2012-08-09 [PTadmin] Official Update 2012-02

1 16 0 0 0 1 0 0 0 0 -1 0 1 0 s\64711s04.dat
1 16 0 0 4 1 0 0 0 0 1 0 -1 0 s\64711s04.dat
1 16 0 0 10 1 0 0 0 0 -1 0 1 0 connhole.dat
1 16 0 0 4 9 0 0 0 0 -9 0 16 0 4-4cyli.dat
1 16 0 0 4 9 0 0 0 0 -9 0 16 0 4-4edge.dat
1 16 0 0 20 9 0 0 0 0 -9 0 16 0 4-4edge.dat
1 16 0 -20 0 1 0 0 0 0 -1 0 1 0 s\64711s04.dat
1 16 0 -20 4 1 0 0 0 0 1 0 -1 0 s\64711s04.dat
1 16 0 -20 10 1 0 0 0 0 -1 0 1 0 connhole.dat
1 16 0 -20 4 9 0 0 0 0 -9 0 16 0 4-4cyli.dat
1 16 0 -20 4 9 0 0 0 0 -9 0 16 0 4-4edge.dat
1 16 0 -20 20 9 0 0 0 0 -9 0 16 0 4-4edge.dat
1 16 0 20 0 1 0 0 0 0 -1 0 1 0 s\64711s04.dat
1 16 0 20 4 1 0 0 0 0 1 0 -1 0 s\64711s04.dat
1 16 0 20 10 1 0 0 0 0 -1 0 1 0 connhole.dat
1 16 0 20 4 9 0 0 0 0 -9 0 16 0 4-4cyli.dat
1 16 0 20 4 9 0 0 0 0 -9 0 16 0 4-4edge.dat
1 16 0 20 20 9 0 0 0 0 -9 0 16 0 4-4edge.dat
1 16 17.321 10 0 -0.5 0 0.86602 0.86602 0 0.5 0 1 0 s\64711s04.dat
1 16 17.321 10 4 -0.5 0 -0.86602 0.86602 0 -0.5 0 -1 0 s\64711s04.dat
1 16 17.321 10 10 -0.5 0 0.86602 0.86602 0 0.5 0 1 0 connhole.dat
1 16 17.321 10 4 -4.5 0 7.79422 7.79422 0 4.5 0 16 0 4-4cyli.dat
1 16 17.321 10 4 -4.5 0 7.79422 7.79422 0 4.5 0 16 0 4-4edge.dat
1 16 17.321 10 20 -4.5 0 7.79422 7.79422 0 4.5 0 16 0 4-4edge.dat
1 16 -17.321 -10 0 -0.5 0 0.86602 0.86602 0 0.5 0 1 0 s\64711s04.dat
1 16 -17.321 -10 4 -0.5 0 -0.86602 0.86602 0 -0.5 0 -1 0 s\64711s04.dat
1 16 -17.321 -10 10 -0.5 0 0.86602 0.86602 0 0.5 0 1 0 connhole.dat
1 16 -17.321 -10 4 -4.5 0 7.79422 7.79422 0 4.5 0 16 0 4-4cyli.dat
1 16 -17.321 -10 4 -4.5 0 7.79422 7.79422 0 4.5 0 16 0 4-4edge.dat
1 16 -17.321 -10 20 -4.5 0 7.79422 7.79422 0 4.5 0 16 0 4-4edge.dat
1 16 -17.321 10 0 -0.5 0 -0.86602 -0.86602 0 0.5 0 1 0 s\64711s04.dat
1 16 -17.321 10 4 -0.5 0 0.86602 -0.86602 0 -0.5 0 -1 0 s\64711s04.dat
1 16 -17.321 10 10 -0.5 0 -0.86602 -0.86602 0 0.5 0 1 0 connhole.dat
1 16 -17.321 10 4 -4.5 0 -7.79422 -7.79422 0 4.5 0 16 0 4-4cyli.dat
1 16 -17.321 10 4 -4.5 0 -7.79422 -7.79422 0 4.5 0 16 0 4-4edge.dat
1 16 -17.321 10 20 -4.5 0 -7.79422 -7.79422 0 4.5 0 16 0 4-4edge.dat
1 16 17.321 -10 0 -0.5 0 -0.86602 -0.86602 0 0.5 0 1 0 s\64711s04.dat
1 16 17.321 -10 4 -0.5 0 0.86602 -0.86602 0 -0.5 0 -1 0 s\64711s04.dat
1 16 17.321 -10 10 -0.5 0 -0.86602 -0.86602 0 0.5 0 1 0 connhole.dat
1 16 17.321 -10 4 -4.5 0 -7.79422 -7.79422 0 4.5 0 16 0 4-4cyli.dat
1 16 17.321 -10 20 -4.5 0 -7.79422 -7.79422 0 4.5 0 16 0 4-4edge.dat
1 16 17.321 -10 4 -4.5 0 -7.79422 -7.79422 0 4.5 0 16 0 4-4edge.dat
0 //
1 16 0 0 0 0.5 0 0.866025 -0.866025 0 0.5 0 1 0 s\64712s01.dat
1 16 0 0 0 1 0 0 0 0 -1 0 1 0 s\64712s01.dat
1 16 0 0 0 1 0 0 0 0 1 0 1 0 s\64712s01.dat
1 16 0 0 0 -1 0 0 0 0 -1 0 1 0 s\64712s01.dat
1 16 0 0 0 -1 0 0 0 0 1 0 1 0 s\64712s01.dat
1 16 0 0 0 -0.5 0 0.866025 0.866025 0 0.5 0 1 0 s\64712s01.dat
1 16 0 0 0 -0.5 0 -0.866025 0.866025 0 -0.5 0 1 0 s\64712s01.dat
1 16 0 0 0 0.5 0 -0.866025 -0.866025 0 -0.5 0 1 0 s\64712s01.dat
1 16 0 0 0 -0.5 0 -0.866025 -0.866025 0 0.5 0 1 0 s\64712s01.dat
1 16 0 0 0 -0.5 0 0.866025 -0.866025 0 -0.5 0 1 0 s\64712s01.dat
1 16 0 0 0 0.5 0 -0.866025 0.866025 0 0.5 0 1 0 s\64712s01.dat
1 16 0 0 0 0.5 0 0.866025 0.866025 0 -0.5 0 1 0 s\64712s01.dat
0 //
1 16 0 0 0 -0.766044 0 -0.642788 0.642788 0 -0.766044 0 1 0 s\64712s02.dat
1 16 0 0 0 1 0 0 0 0 -1 0 1 0 s\64712s02.dat
1 16 0 0 0 -1 0 0 0 0 -1 0 1 0 s\64712s02.dat
1 16 0 0 0 0.766044 0 0.642788 0.642788 0 -0.766044 0 1 0 s\64712s02.dat
1 16 0 0 0 -0.766044 0 0.642788 -0.642788 0 -0.766044 0 1 0 s\64712s02.dat
1 16 0 0 0 0.766044 0 -0.642788 -0.642788 0 -0.766044 0 1 0 s\64712s02.dat
1 16 0 0 0 0.173648 0 0.984808 0.984808 0 -0.173648 0 1 0 s\64712s02.dat
1 16 0 0 0 -0.173648 0 0.984808 -0.984808 0 -0.173648 0 1 0 s\64712s02.dat
1 16 0 0 0 0.173648 0 -0.984808 -0.984808 0 -0.173648 0 1 0 s\64712s02.dat
1 16 0 0 0 -0.173648 0 -0.984808 0.984808 0 -0.173648 0 1 0 s\64712s02.dat
1 16 0 0 0 -0.5 0 0.866025 0.866025 0 0.5 0 1 0 s\64712s02.dat
1 16 0 0 0 0.5 0 0.866025 -0.866025 0 0.5 0 1 0 s\64712s02.dat
1 16 0 0 0 -0.5 0 -0.866025 -0.866025 0 0.5 0 1 0 s\64712s02.dat
1 16 0 0 0 0.5 0 -0.866025 0.866025 0 0.5 0 1 0 s\64712s02.dat
1 16 0 0 0 -0.939693 0 0.34202 0.34202 0 0.939693 0 1 0 s\64712s02.dat
1 16 0 0 0 0.939693 0 0.34202 -0.34202 0 0.939693 0 1 0 s\64712s02.dat
1 16 0 0 0 -0.939693 0 -0.34202 -0.34202 0 0.939693 0 1 0 s\64712s02.dat
1 16 0 0 0 0.939693 0 -0.34202 0.34202 0 0.939693 0 1 0 s\64712s02.dat
4 16 -5.22 -39.656 -10 0 -40 -10 0 -42 -10 -4.8762 -41.7144 -10
4 16 -10.352 -38.636 -10 -5.22 -39.656 -10 -4.8762 -41.7144 -10 -9.6852 -40.866 -10
4 16 -15.308 -36.956 -10 -10.352 -38.636 -10 -9.6852 -40.866 -10 -14.364 -39.4674 -10
4 16 -20 -34.64 -10 -15.308 -36.956 -10 -14.364 -39.4674 -10 -18.8496 -37.5312 -10
4 16 -24.352 -31.736 -10 -20 -34.64 -10 -18.8496 -37.5312 -10 -23.079 -35.091 -10
4 16 -28.284 -28.284 -10 -24.352 -31.736 -10 -23.079 -35.091 -10 -26.9976 -32.172 -10
4 16 -31.736 -24.352 -10 -28.284 -28.284 -10 -26.9976 -32.172 -10 -30.5508 -28.8204 -10
4 16 -34.64 -20 -10 -31.736 -24.352 -10 -30.5508 -28.8204 -10 -33.6882 -25.0824 -10
4 16 -38.5644 -16.6362 -10 -34.64 -20 -10 -33.6882 -25.0824 -10 -36.372 -21 -10
4 16 -40.236 -12.0456 -10 -36.956 -15.308 -10 -34.64 -20 -10 -38.5644 -16.6362 -10
4 16 -41.3616 -7.2912 -10 -38.636 -10.352 -10 -36.956 -15.308 -10 -40.236 -12.0456 -10
4 16 -41.9286 -2.4402 -10 -39.656 -5.22 -10 -38.636 -10.352 -10 -41.3616 -7.2912 -10
4 16 -41.9286 2.4402 -10 -40 0 -10 -39.656 -5.22 -10 -41.9286 -2.4402 -10
4 16 -41.3616 7.2912 -10 -39.656 5.22 -10 -40 0 -10 -41.9286 2.4402 -10
4 16 -40.236 12.0456 -10 -38.636 10.352 -10 -39.656 5.22 -10 -41.3616 7.2912 -10
4 16 -38.5644 16.6362 -10 -36.956 15.308 -10 -38.636 10.352 -10 -40.236 12.0456 -10
4 16 -36.372 21 -10 -34.64 20 -10 -36.956 15.308 -10 -38.5644 16.6362 -10
4 16 -31.736 24.352 -10 -34.64 20 -10 -36.372 21 -10 -33.6882 25.0824 -10
4 16 -28.284 28.284 -10 -31.736 24.352 -10 -33.6882 25.0824 -10 -30.5508 28.8204 -10
4 16 -24.352 31.736 -10 -28.284 28.284 -10 -30.5508 28.8204 -10 -26.9976 32.172 -10
4 16 -20 34.64 -10 -24.352 31.736 -10 -26.9976 32.172 -10 -23.079 35.091 -10
4 16 -15.308 36.956 -10 -20 34.64 -10 -23.079 35.091 -10 -18.8496 37.5312 -10
4 16 -10.352 38.636 -10 -15.308 36.956 -10 -18.8496 37.5312 -10 -14.364 39.4674 -10
4 16 -5.22 39.656 -10 -10.352 38.636 -10 -14.364 39.4674 -10 -9.6852 40.866 -10
4 16 0 40 -10 -5.22 39.656 -10 -9.6852 40.866 -10 -4.8762 41.7144 -10
4 16 4.8762 41.7144 -10 0 40 -10 -4.8762 41.7144 -10 0 42 -10
4 16 9.6852 40.866 -10 5.22 39.656 -10 0 40 -10 4.8762 41.7144 -10
4 16 14.364 39.4674 -10 10.352 38.636 -10 5.22 39.656 -10 9.6852 40.866 -10
4 16 18.8496 37.5312 -10 15.308 36.956 -10 10.352 38.636 -10 14.364 39.4674 -10
4 16 23.079 35.091 -10 20 34.64 -10 15.308 36.956 -10 18.8496 37.5312 -10
4 16 26.9976 32.172 -10 24.352 31.736 -10 20 34.64 -10 23.079 35.091 -10
4 16 30.5508 28.8204 -10 28.284 28.284 -10 24.352 31.736 -10 26.9976 32.172 -10
4 16 33.6882 25.0824 -10 31.736 24.352 -10 28.284 28.284 -10 30.5508 28.8204 -10
4 16 36.372 21 -10 34.64 20 -10 31.736 24.352 -10 33.6882 25.0824 -10
4 16 36.956 15.308 -10 34.64 20 -10 36.372 21 -10 38.5644 16.6362 -10
4 16 38.636 10.352 -10 36.956 15.308 -10 38.5644 16.6362 -10 40.236 12.0456 -10
4 16 39.656 5.22 -10 38.636 10.352 -10 40.236 12.0456 -10 41.3616 7.2912 -10
4 16 40 0 -10 39.656 5.22 -10 41.3616 7.2912 -10 41.9286 2.4402 -10
4 16 39.656 -5.22 -10 40 0 -10 41.9286 2.4402 -10 41.9286 -2.4402 -10
4 16 38.636 -10.352 -10 39.656 -5.22 -10 41.9286 -2.4402 -10 41.3616 -7.2912 -10
4 16 36.956 -15.308 -10 38.636 -10.352 -10 41.3616 -7.2912 -10 40.236 -12.0456 -10
4 16 34.64 -20 -10 36.956 -15.308 -10 40.236 -12.0456 -10 38.5644 -16.6362 -10
4 16 33.6882 -25.0824 -10 34.64 -20 -10 38.5644 -16.6362 -10 36.372 -21 -10
4 16 30.5508 -28.8204 -10 31.736 -24.352 -10 34.64 -20 -10 33.6882 -25.0824 -10
4 16 26.9976 -32.172 -10 28.284 -28.284 -10 31.736 -24.352 -10 30.5508 -28.8204 -10
4 16 23.079 -35.091 -10 24.352 -31.736 -10 28.284 -28.284 -10 26.9976 -32.172 -10
4 16 18.8496 -37.5312 -10 20 -34.64 -10 24.352 -31.736 -10 23.079 -35.091 -10
4 16 14.364 -39.4674 -10 15.308 -36.956 -10 20 -34.64 -10 18.8496 -37.5312 -10
4 16 9.6852 -40.866 -10 10.352 -38.636 -10 15.308 -36.956 -10 14.364 -39.4674 -10
4 16 4.8762 -41.7144 -10 5.22 -39.656 -10 10.352 -38.636 -10 9.6852 -40.866 -10
4 16 0 -42 -10 0 -40 -10 5.22 -39.656 -10 4.8762 -41.7144 -10
4 16 -5.2245 -44.694 4 0 -45 4 0 -44 4 -5.742 -43.6216 4
4 16 -10.377 -43.785 4 -5.2245 -44.694 4 -5.742 -43.6216 4 -11.3872 -42.4996 4
4 16 -15.39 -42.2865 4 -10.377 -43.785 4 -11.3872 -42.4996 4 -16.8388 -40.6516 4
4 16 -20.196 -40.212 4 -15.39 -42.2865 4 -16.8388 -40.6516 4 -22 -38.104 4
4 16 -24.7275 -37.5975 4 -20.196 -40.212 4 -22 -38.104 4 -26.7872 -34.9096 4
4 16 -28.926 -34.47 4 -24.7275 -37.5975 4 -26.7872 -34.9096 4 -31.1124 -31.1124 4
4 16 -32.733 -30.879 4 -28.926 -34.47 4 -31.1124 -31.1124 4 -34.9096 -26.7872 4
4 16 -36.0945 -26.874 4 -32.733 -30.879 4 -34.9096 -26.7872 4 -38.104 -22 4
4 16 -38.97 -22.5 4 -36.0945 -26.874 4 -38.104 -22 4 -41.319 -17.8245 4
4 16 -41.319 -17.8245 4 -38.104 -22 4 -40.6516 -16.8388 4 -43.11 -12.906 4
4 16 -43.11 -12.906 4 -40.6516 -16.8388 4 -42.4996 -11.3872 4 -44.316 -7.812 4
4 16 -44.316 -7.812 4 -42.4996 -11.3872 4 -43.6216 -5.742 4 -44.9235 -2.6145 4
4 16 -44.9235 -2.6145 4 -43.6216 -5.742 4 -44 0 4 -44.9235 2.6145 4
4 16 -44.9235 2.6145 4 -44 0 4 -43.6216 5.742 4 -44.316 7.812 4
4 16 -44.316 7.812 4 -43.6216 5.742 4 -42.4996 11.3872 4 -43.11 12.906 4
4 16 -43.11 12.906 4 -42.4996 11.3872 4 -40.6516 16.8388 4 -41.319 17.8245 4
4 16 -41.319 17.8245 4 -40.6516 16.8388 4 -38.104 22 4 -38.97 22.5 4
4 16 -36.0945 26.874 4 -38.97 22.5 4 -38.104 22 4 -34.9096 26.7872 4
4 16 -32.733 30.879 4 -36.0945 26.874 4 -34.9096 26.7872 4 -31.1124 31.1124 4
4 16 -28.926 34.47 4 -32.733 30.879 4 -31.1124 31.1124 4 -26.7872 34.9096 4
4 16 -24.7275 37.5975 4 -28.926 34.47 4 -26.7872 34.9096 4 -22 38.104 4
4 16 -20.196 40.212 4 -24.7275 37.5975 4 -22 38.104 4 -16.8388 40.6516 4
4 16 -15.39 42.2865 4 -20.196 40.212 4 -16.8388 40.6516 4 -11.3872 42.4996 4
4 16 -10.377 43.785 4 -15.39 42.2865 4 -11.3872 42.4996 4 -5.742 43.6216 4
4 16 -5.2245 44.694 4 -10.377 43.785 4 -5.742 43.6216 4 0 44 4
4 16 0 45 4 -5.2245 44.694 4 0 44 4 5.2245 44.694 4
4 16 5.2245 44.694 4 0 44 4 5.742 43.6216 4 10.377 43.785 4
4 16 10.377 43.785 4 5.742 43.6216 4 11.3872 42.4996 4 15.39 42.2865 4
4 16 15.39 42.2865 4 11.3872 42.4996 4 16.8388 40.6516 4 20.196 40.212 4
4 16 20.196 40.212 4 16.8388 40.6516 4 22 38.104 4 24.7275 37.5975 4
4 16 24.7275 37.5975 4 22 38.104 4 26.7872 34.9096 4 28.926 34.47 4
4 16 28.926 34.47 4 26.7872 34.9096 4 31.1124 31.1124 4 32.733 30.879 4
4 16 32.733 30.879 4 31.1124 31.1124 4 34.9096 26.7872 4 36.0945 26.874 4
4 16 36.0945 26.874 4 34.9096 26.7872 4 38.104 22 4 38.97 22.5 4
4 16 41.319 17.8245 4 38.97 22.5 4 38.104 22 4 40.6516 16.8388 4
4 16 43.11 12.906 4 41.319 17.8245 4 40.6516 16.8388 4 42.4996 11.3872 4
4 16 44.316 7.812 4 43.11 12.906 4 42.4996 11.3872 4 43.6216 5.742 4
4 16 44.9235 2.6145 4 44.316 7.812 4 43.6216 5.742 4 44 0 4
4 16 44.9235 -2.6145 4 44.9235 2.6145 4 44 0 4 43.6216 -5.742 4
4 16 44.316 -7.812 4 44.9235 -2.6145 4 43.6216 -5.742 4 42.4996 -11.3872 4
4 16 43.11 -12.906 4 44.316 -7.812 4 42.4996 -11.3872 4 40.6516 -16.8388 4
4 16 41.319 -17.8245 4 43.11 -12.906 4 40.6516 -16.8388 4 38.104 -22 4
4 16 38.97 -22.5 4 41.319 -17.8245 4 38.104 -22 4 36.0945 -26.874 4
4 16 36.0945 -26.874 4 38.104 -22 4 34.9096 -26.7872 4 32.733 -30.879 4
4 16 32.733 -30.879 4 34.9096 -26.7872 4 31.1124 -31.1124 4 28.926 -34.47 4
4 16 28.926 -34.47 4 31.1124 -31.1124 4 26.7872 -34.9096 4 24.7275 -37.5975 4
4 16 24.7275 -37.5975 4 26.7872 -34.9096 4 22 -38.104 4 20.196 -40.212 4
4 16 20.196 -40.212 4 22 -38.104 4 16.8388 -40.6516 4 15.39 -42.2865 4
4 16 15.39 -42.2865 4 16.8388 -40.6516 4 11.3872 -42.4996 4 10.377 -43.785 4
4 16 10.377 -43.785 4 11.3872 -42.4996 4 5.742 -43.6216 4 5.2245 -44.694 4
4 16 5.2245 -44.694 4 5.742 -43.6216 4 0 -44 4 0 -45 4
0 //
0 //
