0 Animal Dragon with Red Wings (Complete)
0 Name: 75174c01.dat
0 Author: Magnus Forsberg [MagFors]
0 !LDRAW_ORG Shortcut UPDATE 2011-01
0 !LICENSE Redistributable under CCAL version 2.0 : see CAreadme.txt

0 BFC CERTIFY CCW

0 !HISTORY 2011-07-25 [PTadmin] Official Update 2011-01

1 16 0 0 0 1 0 0 0 1 0 0 0 1 75174.dat
0 // arms
1 16 20 14 -77 1 0 0 0 1 0 0 0 1 6128.dat
1 16 -20 14 -77 1 0 0 0 1 0 0 0 1 6127.dat
0 // tail
1 16 0 64 64 1 0 0 0 1 0 0 0 1 6028.dat
0 // head, open
0 // 1 16 0 -57.5 -61 1 0 0 0 1 0 0 0 1 6027.dat
0 // head, closed
1 16 0 -57.5 -61 1 0 0 0 0.924 -0.383 0 0.383 0.924 6027.dat
0 // wings, turned 30 degrees, halfway position
1 4 29 19 -57 0.707 0.707 0 -0.612 0.612 0.5 0.354 -0.354 0.866 6133.dat
1 4 -29 19 -57 -0.707 0.707 0 -0.612 -0.612 0.5 0.354 0.353 0.866 6133.dat
0 // wings, turned 30 degrees, flat position
0 // 1 36 29 19 -57 1 0 0 0 0.866 0.5 0 -0.5 0.866 6133.dat
0 // 1 36 -29 19 -57 -1 0 0 0 0.866 0.5 0 -0.5 0.866 6133.dat
0 // wings, turned 30 degrees, upward position
0 // 1 4 29 19 -57 0 1 0 -0.866 0 0.5 0.5 0 0.866 6133.dat
0 // 1 4 -29 19 -57 0 1 0 -0.866 0 0.5 0.5 0 0.866 6133.dat
0 // fire, angle 22.5 degrees
1 38 0 -31.8 -116.3 0 -1 0 -0.924 0 0.383 -0.383 0 -0.924 6126.dat
