0 Container Fold-Out Race Track Case 34 x 42
0 Name: 86501.dat
0 Author: Philippe Hurbain [Philo]
0 !LDRAW_ORG Part UPDATE 2013-01
0 !LICENSE Redistributable under CCAL version 2.0 : see CAreadme.txt

0 !HELP Uncomment following lines for a 22.5° raised ramp

0 BFC CERTIFY CCW

0 !KEYWORDS Baseplate

0 !HISTORY 2013-07-21 [PTadmin] Official Update 2013-01

0 // 1 16 0 -61.229 0 1 0 0 0 1 0 0 0 1 s\86501s01.dat
0 // 1 16 0 0 -147.821 1 0 0 0 1 0 0 0 1 s\86501s04.dat
0 // 1 16 0 0 -147.821 1 0 0 0 0.92388 -0.382683 0 0.382683 0.92388 s\86501s02.dat
0 // 1 16 180 -61.229 180 0 -0.382683 0.92388 0 0.92388 0.382683 -1 0 0 s\86501s03.dat
0 // 1 16 -180 -61.229 180 0 0.382683 -0.92388 0 0.92388 0.382683 -1 0 0 s\86501s03.dat

1 16 0 0 0 1 0 0 0 1 0 0 0 1 s\86501s01.dat
1 16 0 0 -160 1 0 0 0 1 0 0 0 1 s\86501s04.dat
1 16 0 0 -160 1 0 0 0 1 0 0 0 1 s\86501s02.dat
1 16 180 0 180 0 0 1 0 1 0 -1 0 0 s\86501s03.dat
1 16 -180 0 180 0 0 -1 0 1 0 -1 0 0 s\86501s03.dat
