0 Minifig Ring with Triangle
0 Name: 87748.dat
0 Author: Santeri Piippo [arezey]
0 !LDRAW_ORG Part UPDATE 2011-01
0 !LICENSE Redistributable under CCAL version 2.0 : see CAreadme.txt

0 BFC CERTIFY CCW

0 !CATEGORY Minifig Accessory
0 !KEYWORDS Atlantis, treasure, key

0 !HISTORY 2011-07-06 [cwdee] Restructured to treat gold as pattern
0 !HISTORY 2011-07-25 [PTadmin] Official Update 2011-01

1 16 0 0 0 1 0 0 0 1 0 0 0 1 s\87748s01.dat
1 16 0 0 0 -0.5 0 0.866 0 1 0 -0.866 0 -0.5 s\87748s01.dat
1 16 0 0 0 -0.5 0 -0.866 0 1 0 0.866 0 -0.5 s\87748s01.dat
1 16 0 0 0 1 0 0 0 1 0 0 0 1 s\87748s03.dat
1 16 0 0 0 1 0 0 0 1 0 0 0 1 s\87748s02.dat
1 16 0 0 0 -0.5 0 0.866 0 1 0 -0.866 0 -0.5 s\87748s02.dat
1 16 0 0 0 -0.5 0 -0.866 0 1 0 0.866 0 -0.5 s\87748s02.dat
1 16 0 0 0 1 0 0 0 -1 0 0 0 1 s\87748s02.dat
1 16 0 0 0 -0.5 0 0.866 0 -1 0 -0.866 0 -0.5 s\87748s02.dat
1 16 0 0 0 -0.5 0 -0.866 0 -1 0 0.866 0 -0.5 s\87748s02.dat
0 // Top surface
4 16 -1.449 -4 21.414 -1.726 -4 21.011 1.726 -4 21.011 -0.784 -4 21.848
4 16 0 -4 22 -0.784 -4 21.848 1.726 -4 21.011 0.785 -4 21.848
3 16 0.785 -4 21.848 1.726 -4 21.011 1.45 -4 21.415
4 16 19.27 -4 -9.452 19.059 -4 -9.011 17.333 -4 -12 19.313 -4 -10.245
4 16 19.053 -4 -11 19.313 -4 -10.245 17.333 -4 -12 18.528 -4 -11.604
3 16 18.528 -4 -11.604 17.333 -4 -12 17.821 -4 -11.963
4 16 -17.821 -4 -11.962 -17.333 -4 -12 -19.059 -4 -9.011 -18.529 -4 -11.603
4 16 -19.053 -4 -11 -18.529 -4 -11.603 -19.059 -4 -9.011 -19.313 -4 -10.244
3 16 -19.313 -4 -10.244 -19.059 -4 -9.011 -19.271 -4 -9.452
4 16 -19.059 -4 -9.011 -17.333 -4 -12 17.333 -4 -12 19.059 -4 -9.011
4 16 19.059 -4 -9.011 1.726 -4 21.011 -1.726 -4 21.011 -19.059 -4 -9.011
0
