0 Umbrella  8 x  8 with Square Tabs
0 Name: 958.dat
0 Author: Alex Taylor [anathema]
0 !LDRAW_ORG Part UPDATE 2012-02
0 !LICENSE Redistributable under CCAL version 2.0 : see CAreadme.txt

0 BFC CERTIFY CCW

0 !CATEGORY Figure Accessory
0 !KEYWORDS Fabuland

0 !HISTORY 2012-08-09 [PTadmin] Official Update 2012-02

1 16 0 0 0 1 0 0 0 1 0 0 0 1 s\958s02.dat
1 16 0 0 0 0.707 0 0.707 0 1 0 -0.707 0 0.707 s\958s02.dat
1 16 0 0 0 0 0 1 0 1 0 -1 0 0 s\958s02.dat
1 16 0 0 0 -0.707 0 0.707 0 1 0 -0.707 0 -0.707 s\958s02.dat
1 16 0 0 0 -1 0 0 0 1 0 0 0 -1 s\958s02.dat
1 16 0 0 0 -0.707 0 -0.707 0 1 0 0.707 0 -0.707 s\958s02.dat
1 16 0 0 0 0 0 -1 0 1 0 1 0 0 s\958s02.dat
1 16 0 0 0 0.707 0 -0.707 0 1 0 0.707 0 0.707 s\958s02.dat
0 BFC INVERTNEXT
1 16 0 0 0 5 0 0 0 -5 0 0 0 -5 4-8sphe.dat
1 16 0 0 0 7 0 0 0 -9 0 0 0 -7 4-8sphe.dat
0 BFC INVERTNEXT
1 16 0 0 0 5 0 0 0 4 0 0 0 5 4-4cyli.dat
1 16 0 4 0 5 0 0 0 1 0 0 0 5 4-4edge.dat
4 16 -5 4 -5 5 4 -5 7.65 4 -18.48 -7.65 4 -18.48
4 16 -7.65 0 -18.48 7.65 0 -18.48 7 0 -7 -7 0 -7
4 16 18.48 0 -7.65 18.48 0 7.65 7 0 7 7 0 -7
4 16 7.65 0 18.48 -7.65 0 18.48 -7 0 7 7 0 7
4 16 -18.48 0 7.65 -18.48 0 -7.65 -7 0 -7 -7 0 7
4 16 5 4 -5 5 4 5 18.48 4 7.65 18.48 4 -7.65
4 16 5 4 5 -5 4 5 -7.65 4 18.48 7.65 4 18.48
4 16 -5 4 5 -5 4 -5 -18.48 4 -7.65 -18.48 4 7.65
3 16 7.65 4 -18.48 5 4 -5 18.48 4 -7.65
3 16 -18.48 4 -7.65 -5 4 -5 -7.65 4 -18.48
3 16 18.48 0 -7.65 7 0 -7 7.65 0 -18.48
3 16 7.65 0 18.48 7 0 7 18.48 0 7.65
3 16 -18.48 0 7.65 -7 0 7 -7.65 0 18.48
3 16 -7.65 0 -18.48 -7 0 -7 -18.48 0 -7.65
3 16 18.48 4 7.65 5 4 5 7.65 4 18.48
3 16 -7.65 4 18.48 -5 4 5 -18.48 4 7.65
1 16 0 4 0 5 0 0 0 -1 0 0 0 -5 4-4ndis.dat
1 16 0 0 0 7 0 0 0 1 0 0 0 7 4-4ndis.dat
1 16 0 0 0 7 0 0 0 1 0 0 0 7 4-4edge.dat
0
