0 ~Tile  1 x  1 with "G" Pattern
0 Name: s\3070batg.dat
0 Author: Chris Dee [cwdee]
0 !LDRAW_ORG Subpart UPDATE 2009-01
0 !LICENSE Redistributable under CCAL version 2.0 : see CAreadme.txt

0 BFC CERTIFY CW

0 !HISTORY 2009-05-02 [PTadmin] Official Update 2009-01

1 16 0 0 0 -.3536 0 .3536 0 1 0 -.3536 0 -.3536 1-4rin11.dat
1 16 0 0 0 -.7071 0 .7071 0 1 0 -.7071 0 -.7071 1-4ring6.dat
1 16 0 0 0 -.3536 0 .3536 0 1 0 -.3536 0 -.3536 1-4rin14.dat
1 16 0 0 0 -.3536 0 -.3536 0 1 0 .3536 0 -.3536 1-4rin11.dat
1 16 0 0 0 -.7071 0 -.7071 0 1 0 .7071 0 -.7071 1-4ring6.dat
1 16 0 0 0 -.3536 0 -.3536 0 1 0 .3536 0 -.3536 1-4rin14.dat
1 16 0 0 0 .3536 0 -.3536 0 1 0 .3536 0 .3536 1-4rin11.dat
1 16 0 0 0 .7071 0 -.7071 0 1 0 .7071 0 .7071 1-4ring6.dat
1 16 0 0 0 .3536 0 -.3536 0 1 0 .3536 0 .3536 1-4rin14.dat
4 16 3.8891 0 -3.8891 5.0815 0 -2.1049 5.5 0 -5.009 5.3033 0 -5.3033
4 16 5.0815 0 -2.1049 5.202 0 -1.5 5.5 0 -1.5 5.5 0 -5.009
4 16 0 0 -1.5 0 0 0.5 7.5 0 0.5 5.5 0 -1.5
4 16 5.5 0 -1.5 7.5 0 0.5 7.5 0 -7.5 5.5 0 -7.5
4 16 6.9293 0 2.8703 4.817 0 2.5 3.8891 0 3.8891 5.3033 0 5.3033
3 16 6.9293 0 2.8703 7.003 0 2.5 4.817 0 2.5
0
