0 ~Tyre 14/ 36 x 20 VR Quarter
0 Name: s\6578s02.dat
0 Author: Philippe Hurbain [Philo]
0 !LDRAW_ORG Subpart UPDATE 2011-02
0 !LICENSE Redistributable under CCAL version 2.0 : see CAreadme.txt

0 BFC CERTIFY CW

0 !HISTORY 2011-12-29 [PTadmin] Official Update 2011-02

1 16 0 0 0 1 0 0 0 1 0 0 0 1 s\6578s01.dat
1 16 0 0 0 0.9659 0.2588 0 -0.2588 0.9659 0 0 0 1 s\6578s01.dat
1 16 0 0 0 0.866 0.5 0 -0.5 0.866 0 0 0 1 s\6578s01.dat
1 16 0 0 0 0.7071 0.7071 0 -0.7071 0.7071 0 0 0 1 s\6578s01.dat
1 16 0 0 0 0.5 0.866 0 -0.866 0.5 0 0 0 1 s\6578s01.dat
1 16 0 0 0 0.2588 0.9659 0 -0.9659 0.2588 0 0 0 1 s\6578s01.dat
0
